0.000000 0.000000 -0.000000 0.000000 0.000000 0.000000
-0.140643 -0.085158 2.574964 -0.029175 -0.011717 2.081391
-0.281220 -0.170274 5.148987 -0.090771 -0.034529 4.313246
-0.421837 -0.255415 7.724036 -0.182339 -0.064785 6.665591
-0.562431 -0.340542 10.298960 -0.311641 -0.086738 9.108334
-0.701879 -0.423912 12.869650 -0.443718 -0.115269 11.638689
-0.854664 -0.515507 15.479570 -0.604349 -0.136634 14.238652
-1.011589 -0.609240 18.173180 -0.780764 -0.179459 16.895829
-1.171840 -0.699078 20.913680 -0.976277 -0.211845 19.615699
-1.334841 -0.792967 23.709530 -1.178662 -0.227554 22.412209
-1.487044 -0.870213 26.544710 -1.357378 -0.241768 25.228609
-1.633363 -0.955563 29.422930 -1.521881 -0.265966 28.057220
-1.768976 -1.036363 32.357140 -1.670865 -0.297860 30.939936
-1.929780 -1.129880 35.330970 -1.853626 -0.320408 33.893992
-2.126953 -1.305052 38.471510 -2.062891 -0.361149 36.902307
-2.329940 -1.426813 41.561110 -2.271240 -0.389571 39.909019
-2.535885 -1.522850 44.597900 -2.509686 -0.397255 42.952218
-2.728914 -1.629817 47.592750 -2.729581 -0.419976 45.940484
-2.937935 -1.729013 50.537730 -2.987665 -0.446378 48.842778
-3.130185 -1.830051 53.464980 -3.170904 -0.490537 51.726025
-3.310922 -1.913841 56.350390 -3.396641 -0.520639 54.589152
-3.511313 -1.975962 59.225400 -3.625651 -0.546079 57.430743
-3.703384 -2.049159 62.006320 -3.847934 -0.558670 60.178857
-3.912602 -2.145353 64.697860 -4.078359 -0.598355 62.837144
-4.114442 -2.230822 67.264550 -4.300338 -0.625662 65.383259
-4.313021 -2.307845 69.714240 -4.510623 -0.655336 67.801218
-4.514875 -2.382091 72.037350 -4.763911 -0.677734 70.092898
-4.709494 -2.459523 74.175390 -4.989158 -0.711823 72.246384
-4.891889 -2.556654 76.138280 -5.186988 -0.764187 74.206971
-5.039038 -2.646048 77.925340 -5.354669 -0.814815 76.005768
-5.159772 -2.729207 79.592300 -5.515543 -0.851554 77.679538
-5.235209 -2.801727 81.135380 -5.597454 -0.885935 79.238042
-5.207469 -2.859306 82.555940 -5.562266 -0.896144 80.715390
-5.029560 -2.911918 83.885300 -5.378124 -0.907435 82.077225
-4.680938 -2.961855 85.118200 -5.038259 -0.928244 83.343006
-4.130089 -3.006846 86.200010 -4.515784 -0.935385 84.454574
-3.393066 -3.048142 87.095580 -3.792662 -0.944423 85.385359
-2.508137 -3.084460 87.820100 -2.922785 -0.960102 86.129353
-1.511055 -3.116572 88.343490 -1.936245 -0.971800 86.671590
-0.450022 -3.146259 88.747950 -0.902160 -0.971902 87.054707
0.676345 -3.166835 89.023150 0.207011 -0.972781 87.345614
1.832910 -3.222114 89.277150 1.353243 -1.005247 87.614183
3.089762 -3.233114 89.418990 2.574525 -1.002652 87.740004
4.475771 -3.292077 89.556060 3.942912 -1.040109 87.884880
5.974572 -3.344693 89.621010 5.451606 -1.066321 87.979924
7.614093 -3.394968 89.671530 7.091661 -1.090505 88.053656
9.420230 -3.442284 89.707860 8.894018 -1.132493 88.107044
11.388370 -3.495197 89.721450 10.872466 -1.157540 88.163380
13.505010 -3.549541 89.738680 13.006561 -1.177918 88.235990
15.773680 -3.621398 89.805260 15.274651 -1.220038 88.347691
18.156510 -3.696455 89.929480 17.656163 -1.265278 88.502184
20.581930 -3.789412 90.082780 20.088966 -1.314163 88.690934
23.034320 -3.908789 90.227690 22.530436 -1.381462 88.860450
25.478370 -4.031552 90.365000 25.002579 -1.445506 89.047805
27.909920 -4.149285 90.499220 27.436553 -1.509478 89.215064
30.340320 -4.264420 90.588890 29.859902 -1.568787 89.352605
32.740690 -4.366800 90.598330 32.264449 -1.614969 89.410182
35.110390 -4.460151 90.529620 34.649250 -1.653987 89.411652
37.430830 -4.548257 90.386730 36.998276 -1.702672 89.346471
39.683630 -4.635152 90.176290 39.284306 -1.748419 89.187072
41.863240 -4.721760 89.910310 41.461481 -1.791246 88.949315
43.959460 -4.793116 89.634420 43.578598 -1.820161 88.714839
45.922800 -4.858683 89.378560 45.564339 -1.852919 88.496422
47.726310 -4.926346 89.193250 47.329161 -1.888336 88.343699
49.366470 -5.001409 89.121130 48.948424 -1.925261 88.302864
50.939410 -5.083698 89.191540 50.494587 -1.967882 88.399324
52.464070 -5.168307 89.450930 51.978221 -2.022830 88.694860
53.889450 -5.254058 89.945260 53.354924 -2.069063 89.205902
55.133190 -5.336870 90.660970 54.589099 -2.093070 89.957022
56.158450 -5.418165 91.620300 55.570190 -2.111701 90.932532
56.967930 -5.510534 92.764920 56.373181 -2.194057 92.103866
57.539920 -5.590987 94.061200 56.947841 -2.235390 93.421056
57.927200 -5.638494 95.446880 57.355972 -2.247363 94.812892
58.277310 -5.680139 96.884370 57.712032 -2.255884 96.251530
58.589460 -5.712881 98.403450 58.012026 -2.279614 97.751324
58.940360 -5.778487 100.002400 58.312470 -2.300565 99.384237
59.343230 -5.844770 101.692600 58.661670 -2.339142 101.108573
59.798800 -5.928075 103.499800 59.084373 -2.393171 102.951225
60.309140 -5.998250 105.392300 59.549373 -2.427693 104.837132
60.819120 -6.075562 107.363700 60.028010 -2.467424 106.803155
61.355080 -6.168814 109.477800 60.531980 -2.513967 108.886405
61.874140 -6.252301 111.669200 61.005194 -2.552958 111.094594
62.417580 -6.351409 113.964900 61.511843 -2.618247 113.386391
62.973720 -6.450506 116.373200 62.019934 -2.654609 115.782373
63.512460 -6.551031 118.836400 62.505936 -2.707821 118.226002
64.057360 -6.658079 121.342700 62.999884 -2.774651 120.728312
64.655860 -6.752867 123.876700 63.544974 -2.856477 123.226014
65.262090 -6.849345 126.422600 64.137212 -2.927254 125.753164
65.864770 -6.955017 128.941000 64.709784 -2.971008 128.254981
66.510510 -7.092137 131.382800 65.318640 -3.048647 130.756285
67.135460 -7.203471 133.867500 65.873013 -3.122358 133.278212
67.748220 -7.275568 136.262500 66.385005 -3.193607 135.711637
68.311480 -7.347445 138.668800 66.857007 -3.258916 138.107925
68.830800 -7.431426 141.066900 67.299370 -3.329563 140.472644
69.359830 -7.522327 143.451000 67.747090 -3.400304 142.804456
69.844620 -7.612956 145.829800 68.191949 -3.460199 145.174553
70.257380 -7.690397 148.240700 68.534913 -3.505715 147.600836
70.634070 -7.751909 150.615300 68.929455 -3.543749 149.951922
70.952630 -7.841404 153.048800 69.214207 -3.607651 152.385728
71.236680 -7.916918 155.482600 69.462259 -3.665457 154.827626
71.430750 -7.990297 157.958600 69.656401 -3.718951 157.346818
71.592060 -8.062682 160.420500 69.790058 -3.753275 159.811652
71.705560 -8.124046 162.889100 69.869106 -3.806152 162.269310
71.811250 -8.173449 165.386800 69.940500 -3.853103 164.777880
71.901490 -8.209715 167.846500 69.993935 -3.884137 167.240653
71.944200 -8.251269 170.358200 69.962899 -3.915890 169.775388
71.944230 -8.295895 172.867000 69.922335 -3.954768 172.272029
71.880770 -8.350218 175.411200 69.798144 -4.000785 174.819464
71.759300 -8.392488 177.947700 69.639252 -4.027790 177.354344
71.629380 -8.451315 180.489300 69.455131 -4.058020 179.891496
71.495820 -8.518990 183.069400 69.317526 -4.108853 182.431518
71.389860 -8.596086 185.611000 69.174328 -4.166700 184.979121
71.229200 -8.688115 188.181800 68.973654 -4.236039 187.568033
71.075770 -8.761375 190.694700 68.766963 -4.288769 190.081967
70.908190 -8.838886 193.208300 68.549482 -4.354386 192.596207
70.732240 -8.906076 195.676300 68.369136 -4.417112 195.029743
70.587330 -8.954024 197.902600 68.184150 -4.464485 197.419030
70.462020 -8.999441 200.022200 68.021129 -4.514570 199.667979
70.336670 -9.044849 202.141700 67.874497 -4.563461 201.772937
70.211280 -9.090248 204.261000 67.737697 -4.636475 203.824476
70.085900 -9.135614 206.379000 67.648787 -4.687180 205.749644
69.986060 -9.185709 208.445300 67.595972 -4.743046 207.701678
70.007780 -9.261371 210.375700 67.607443 -4.808374 209.671171
70.026080 -9.317034 212.295900 67.593392 -4.853064 211.613447
70.017620 -9.361494 214.252400 67.588702 -4.891343 213.555124
70.013230 -9.415421 216.217200 67.552891 -4.928241 215.504659
69.972110 -9.473975 218.270700 67.503162 -4.971506 217.549265
69.934360 -9.510323 220.317400 67.455605 -4.989797 219.589455
69.972850 -9.591872 222.305500 67.405487 -4.994681 221.662614
69.981630 -9.683750 224.353700 67.345514 -5.023830 223.763429
69.981870 -9.771343 226.399100 67.291485 -5.057074 225.847734
69.949190 -9.840708 228.454500 67.196693 -5.088943 227.934250
69.907170 -9.909781 230.454300 67.114287 -5.109603 229.963075
69.859830 -9.992889 232.418200 67.075432 -5.164785 231.955589
69.810200 -10.047660 234.247600 67.001047 -5.193844 233.783068
69.754960 -10.078410 235.896800 66.909039 -5.228643 235.459778
69.602960 -10.092960 237.437200 66.730230 -5.260876 237.004659
69.315000 -10.115690 238.920100 66.407192 -5.306373 238.475011
68.846420 -10.140430 240.276600 65.918979 -5.351216 239.774184
68.166090 -10.167740 241.479400 65.283352 -5.438180 240.893979
67.318270 -10.183220 242.492800 64.464637 -5.473182 241.867694
66.332240 -10.163860 243.344200 63.472268 -5.490088 242.685432
65.260110 -10.117880 243.991900 62.396088 -5.502093 243.298744
64.140300 -10.041350 244.474300 61.247685 -5.462016 243.752363
62.867510 -9.956809 244.772700 59.941675 -5.432254 244.012987
61.458940 -9.873647 244.926000 58.518048 -5.430822 244.140212
59.947420 -9.779054 244.952000 56.989996 -5.414002 244.139263
58.335370 -9.691560 244.902100 55.339630 -5.375833 244.046569
56.595980 -9.598446 244.824000 53.578703 -5.365750 243.934234
54.694040 -9.501856 244.743800 51.655927 -5.370866 243.818083
52.650420 -9.376197 244.604800 49.548594 -5.373844 243.694285
50.451970 -9.222874 244.390700 47.257990 -5.381780 243.548022
48.058070 -9.108985 244.235000 44.809329 -5.391836 243.413033
45.515050 -9.002662 244.100900 42.188291 -5.405188 243.270008
42.921790 -8.888812 243.969200 39.481143 -5.413399 243.132992
40.316590 -8.777811 243.840300 36.786364 -5.415091 243.009528
37.706940 -8.641674 243.722400 34.125092 -5.425760 242.853719
35.094890 -8.481095 243.629800 31.474964 -5.419571 242.667449
32.472950 -8.324969 243.489000 28.845882 -5.430171 242.455832
29.851950 -8.214500 243.348200 26.276912 -5.454799 242.247151
27.264200 -8.118056 243.258500 23.713250 -5.478150 242.058715
24.724050 -8.010156 243.174900 21.203015 -5.494787 241.917190
22.210390 -7.933477 243.091000 18.724232 -5.506213 241.810756
19.736330 -7.865476 242.979500 16.253553 -5.526710 241.662257
17.311070 -7.802514 242.850400 13.801294 -5.530807 241.476944
14.901790 -7.723120 242.682800 11.386335 -5.538713 241.272274
12.542000 -7.650837 242.455300 9.009374 -5.548738 241.015712
10.258080 -7.581080 242.218100 6.722598 -5.557063 240.751193
8.077281 -7.534341 241.997300 4.527131 -5.561883 240.511653
6.032146 -7.478381 241.805400 2.482079 -5.567966 240.290042
4.114420 -7.425036 241.647100 0.559544 -5.582243 240.103898
2.325909 -7.363850 241.523700 -1.268810 -5.591186 239.957070
0.684853 -7.310814 241.422100 -2.923348 -5.625010 239.840175
-0.804697 -7.270660 241.361800 -4.414486 -5.598016 239.757176
-2.147061 -7.227306 241.322400 -5.766856 -5.599166 239.696800
-3.335045 -7.191538 241.321100 -6.961734 -5.606423 239.671316
-4.362696 -7.164628 241.347700 -7.994800 -5.609551 239.675879
-5.195608 -7.148566 241.375100 -8.839769 -5.613255 239.684609
-5.787975 -7.145318 241.411000 -9.412355 -5.618250 239.709844
-6.148943 -7.141362 241.435700 -9.777186 -5.620223 239.722567
-6.347609 -7.147305 241.453500 -9.962575 -5.621064 239.727987
-6.441034 -7.157278 241.457400 -10.047626 -5.622855 239.729691
-6.441440 -7.159400 241.456100 -10.041150 -5.624354 239.728217
-6.439927 -7.160925 241.462600 -10.041394 -5.626880 239.728591
-6.440440 -7.166143 241.482800 -10.047153 -5.625532 239.729247
-6.480607 -7.153230 241.498100 -10.085107 -5.624983 239.730040
-6.560264 -7.150510 241.507700 -10.163223 -5.624823 239.732940
-6.742488 -7.147470 241.516100 -10.341462 -5.624253 239.737267
-7.099251 -7.145097 241.541700 -10.697746 -5.633811 239.761501
-7.627305 -7.130703 241.597900 -11.244941 -5.645221 239.813888
-8.293171 -7.114535 241.705000 -11.917281 -5.676080 239.925325
-9.050632 -7.098001 241.890800 -12.677820 -5.706221 240.118700
-9.863606 -7.085354 242.207700 -13.484016 -5.726551 240.437181
-10.727660 -7.069560 242.661600 -14.342494 -5.727476 240.862439
-11.566170 -7.058609 243.294100 -15.179897 -5.738784 241.477580
-12.317670 -7.048075 244.121800 -15.933174 -5.733485 242.315184
-12.969870 -7.041870 245.164100 -16.606762 -5.724280 243.390485
-13.469580 -7.066833 246.441200 -17.157382 -5.730404 244.709799
-13.828110 -7.091706 247.877300 -17.551286 -5.728627 246.209203
-14.057520 -7.143097 249.558000 -17.770893 -5.731180 247.898371
-14.176210 -7.194110 251.405900 -17.899035 -5.736131 249.750109
-14.264690 -7.244408 253.405000 -17.999457 -5.746652 251.736770
-14.328890 -7.302451 255.544200 -18.081556 -5.745326 253.865349
-14.399650 -7.358411 257.837600 -18.171107 -5.734399 256.137482
-14.471380 -7.396035 260.263200 -18.253697 -5.726687 258.523010
-14.561590 -7.448031 262.807800 -18.364957 -5.743653 261.057402
-14.652820 -7.507641 265.491700 -18.471531 -5.758208 263.720261
-14.739760 -7.552162 268.254400 -18.582406 -5.746435 266.445491
-14.858340 -7.636316 271.134800 -18.713652 -5.786516 269.284991
-14.973530 -7.717050 274.134700 -18.862707 -5.782069 272.266668
-15.069550 -7.787226 277.175700 -19.019315 -5.782752 275.286830
-15.175210 -7.874001 280.293600 -19.167682 -5.818673 278.376496
-15.297230 -7.955939 283.446400 -19.340832 -5.814322 281.502328
-15.436590 -8.069890 286.619600 -19.531461 -5.865002 284.640112
-15.585790 -8.171223 289.810900 -19.761405 -5.903537 287.811340
-15.736240 -8.251678 292.959600 -19.973694 -5.918272 290.941780
-15.885310 -8.348776 296.071900 -20.186046 -5.954641 294.068887
-16.046970 -8.461541 299.165600 -20.445755 -6.003798 297.158759
-16.219660 -8.545531 302.246300 -20.691955 -6.032206 300.245651
-16.389710 -8.606509 305.314100 -20.917036 -6.034687 303.277125
-16.559690 -8.692187 308.378300 -21.114017 -6.070860 306.289486
-16.709350 -8.785016 311.458900 -21.320154 -6.110070 309.329218
-16.839300 -8.867010 314.563300 -21.529663 -6.141038 312.421835
-16.972270 -8.954986 317.709200 -21.732507 -6.154837 315.578716
-17.118400 -9.048416 320.893100 -21.931779 -6.174183 318.728731
-17.281700 -9.164148 324.127200 -22.150110 -6.202721 321.950830
-17.454380 -9.272285 327.375400 -22.378542 -6.236734 325.177817
-17.614190 -9.373015 330.593900 -22.589022 -6.241653 328.354279
-17.775860 -9.476537 333.802500 -22.757017 -6.264452 331.511677
-17.959610 -9.572257 336.995200 -22.930185 -6.274991 334.608189
-18.128440 -9.671642 340.134300 -23.133210 -6.302949 337.680817
-18.295640 -9.773282 343.191900 -23.342807 -6.341896 340.702558
-18.453080 -9.855773 346.169000 -23.544229 -6.340108 343.637739
-18.632610 -9.935871 349.056200 -23.756422 -6.348552 346.493674
-18.817710 -10.020070 351.841100 -23.992516 -6.371826 349.289961
-18.986450 -10.090020 354.488400 -24.221648 -6.389574 351.963753
-19.124870 -10.172450 356.982400 -24.416433 -6.398481 354.479932
-19.220930 -10.262480 359.289500 -24.535610 -6.407771 356.800110
-19.310450 -10.340040 361.377700 -24.677994 -6.440604 358.908576
-19.390050 -10.412910 363.254000 -24.782746 -6.469620 360.801286
-19.458340 -10.485470 364.945900 -24.874917 -6.490289 362.500985
-19.552440 -10.549570 366.417400 -24.979611 -6.501230 363.994235
-19.716910 -10.614190 367.755600 -25.146026 -6.520736 365.328721
-19.992010 -10.671970 369.044200 -25.444402 -6.545554 366.623869
-20.413100 -10.732620 370.267200 -25.876341 -6.570085 367.832414
-20.994480 -10.769230 371.390500 -26.468349 -6.593169 368.929914
-21.767920 -10.789030 372.412000 -27.198871 -6.597092 369.912605
-22.740410 -10.769690 373.381300 -28.157719 -6.605928 370.849681
-23.931400 -10.729740 374.199500 -29.328934 -6.604908 371.654856
-25.311900 -10.694900 374.775400 -30.755030 -6.606341 372.200650
-26.849130 -10.657550 375.102700 -32.373339 -6.628721 372.486645
-28.541320 -10.624620 375.088500 -34.079318 -6.672421 372.474297
-30.331610 -10.560360 374.930400 -35.903902 -6.684453 372.300545
-32.178580 -10.494980 374.714400 -37.746526 -6.711255 372.055411
-34.124600 -10.430100 374.519300 -39.705184 -6.742864 371.845685
-36.192510 -10.386140 374.312000 -41.793663 -6.799537 371.617428
-38.360350 -10.325780 374.089000 -43.973314 -6.857099 371.366028
-40.674090 -10.262960 373.890900 -46.282301 -6.916459 371.145845
-43.125350 -10.177460 373.717400 -48.737286 -6.970709 370.934685
-45.733890 -10.070840 373.570600 -51.356436 -7.016237 370.729264
-48.422050 -9.953142 373.450300 -54.072898 -7.052020 370.545382
-51.153580 -9.841602 373.336900 -56.808461 -7.095597 370.375428
-53.919190 -9.738669 373.217300 -59.567696 -7.150230 370.225809
-56.668140 -9.629948 373.082400 -62.325611 -7.213103 370.045008
-59.399580 -9.525374 372.949600 -65.051048 -7.257331 369.866901
-62.128270 -9.413426 372.797100 -67.768655 -7.290751 369.626919
-64.827270 -9.302409 372.599800 -70.469594 -7.344135 369.364779
-67.509200 -9.200919 372.402100 -73.176898 -7.408472 369.097328
-70.186170 -9.112672 372.208700 -75.845118 -7.456324 368.830658
-72.845340 -9.021905 372.028400 -78.490135 -7.497653 368.600373
-75.495320 -8.920653 371.886100 -81.155441 -7.548788 368.383154
-78.116050 -8.821990 371.787300 -83.787950 -7.587385 368.236191
-80.717850 -8.739272 371.718500 -86.414550 -7.637125 368.126702
-83.311780 -8.648349 371.694800 -89.085157 -7.691243 368.047131
-85.842710 -8.562016 371.709900 -91.630348 -7.711338 367.976112
-88.215690 -8.488287 371.734100 -94.060544 -7.739008 367.966209
-90.402660 -8.426609 371.755300 -96.267790 -7.771877 367.932763
-92.376860 -8.377804 371.747200 -98.270732 -7.807159 367.907717
-94.181170 -8.327124 371.700000 -100.076152 -7.859244 367.823333
-95.954170 -8.278958 371.610100 -101.874845 -7.898242 367.700431
-97.692900 -8.229449 371.484000 -103.624307 -7.926981 367.523701
-99.428840 -8.186657 371.332400 -105.372038 -7.973733 367.316266
-101.212400 -8.141451 371.150100 -107.161454 -8.026144 367.070538
-103.049100 -8.096046 370.929900 -109.014128 -8.093288 366.806164
-104.963700 -8.042390 370.712900 -110.932062 -8.146592 366.535960
-106.999900 -7.961767 370.469800 -112.962420 -8.174685 366.256635
-109.147400 -7.863187 370.218500 -115.084341 -8.197872 365.973039
-111.413900 -7.727221 369.990500 -117.318502 -8.187183 365.692492
-113.850400 -7.597550 369.787500 -119.760622 -8.204288 365.457098
-116.381500 -7.470759 369.587900 -122.291131 -8.228822 365.202492
-119.079000 -7.352691 369.402000 -125.002083 -8.277412 364.955928
-121.870500 -7.268012 369.312400 -127.788280 -8.346357 364.807572
-124.798000 -7.171402 369.251000 -130.740846 -8.428320 364.711986
-127.749200 -7.067306 369.222000 -133.722897 -8.492789 364.650147
-130.738100 -6.978782 369.191300 -136.728904 -8.541050 364.586823
-133.724900 -6.873000 369.151000 -139.733004 -8.582494 364.511239
-136.693200 -6.767486 369.116700 -142.682551 -8.677670 364.408272
-139.640200 -6.665761 369.026200 -145.611538 -8.732445 364.247112
-142.545400 -6.575320 368.909400 -148.516480 -8.798533 364.048490
-145.452900 -6.483563 368.800400 -151.429666 -8.850895 363.865796
-148.326000 -6.362759 368.653700 -154.306562 -8.898553 363.655879
-151.184500 -6.256123 368.483700 -157.212724 -8.965442 363.438880
-154.029500 -6.138328 368.306700 -160.053020 -9.007417 363.209975
-156.834000 -6.028879 368.110800 -162.885839 -9.039676 362.946457
-159.601600 -5.927697 367.929800 -165.654819 -9.099169 362.703971
-162.352900 -5.826577 367.769700 -168.369959 -9.145236 362.510466
-165.025300 -5.709019 367.622800 -171.033729 -9.174292 362.299232
-167.587100 -5.591398 367.473600 -173.618648 -9.200777 362.117542
-169.989700 -5.497707 367.347100 -176.022852 -9.230179 361.954679
-172.229800 -5.408734 367.237400 -178.260720 -9.271610 361.820037
-174.255000 -5.340548 367.118500 -180.300848 -9.312103 361.647040
-176.113500 -5.277180 366.976300 -182.167858 -9.341406 361.467606
-177.851600 -5.224067 366.825100 -183.913052 -9.383265 361.275514
-179.482200 -5.157679 366.619100 -185.542048 -9.410314 361.026683
-181.041000 -5.091005 366.257200 -187.077835 -9.444170 360.619884
-182.506900 -5.016582 365.700900 -188.484180 -9.487133 360.060445
-183.830900 -4.931494 364.922700 -189.748603 -9.513411 359.283453
-184.967900 -4.856770 363.901900 -190.853260 -9.549685 358.263763
-185.900600 -4.775507 362.645300 -191.724829 -9.562057 356.956127
-186.575700 -4.687420 361.163300 -192.353249 -9.578447 355.417768
-186.999600 -4.592235 359.497900 -192.751004 -9.614512 353.776593
-187.152300 -4.505623 357.675600 -192.887988 -9.597772 351.959669
-187.206000 -4.412544 355.773500 -192.922112 -9.600157 350.032352
-187.197400 -4.339156 353.800900 -192.885107 -9.622301 348.061622
-187.078300 -4.279837 351.712900 -192.746837 -9.682034 345.991359
-186.904300 -4.221325 349.515700 -192.536504 -9.711622 343.799146
-186.700200 -4.153622 347.199500 -192.311484 -9.754998 341.473256
-186.441500 -4.077090 344.761700 -192.028718 -9.798736 339.025895
-186.138100 -3.987286 342.245600 -191.693395 -9.833325 336.462551
-185.836200 -3.912968 339.600700 -191.358820 -9.890688 333.791157
-185.558800 -3.843310 336.870000 -191.032862 -9.939295 331.058751
-185.300200 -3.764975 334.088400 -190.739768 -10.006239 328.310596
-185.053400 -3.662061 331.295700 -190.454078 -10.035756 325.525273
-184.825700 -3.554183 328.513100 -190.174888 -10.048264 322.694411
-184.626700 -3.457730 325.706700 -189.939263 -10.094185 319.901567
-184.418100 -3.364575 322.895600 -189.713174 -10.133202 317.158045
-184.219300 -3.265983 320.049800 -189.438300 -10.147779 314.322039
-184.077900 -3.164447 317.187100 -189.283941 -10.189372 311.438164
-183.933200 -3.055122 314.300800 -189.114384 -10.212884 308.549867
-183.761600 -2.932355 311.460200 -188.922838 -10.218108 305.696388
-183.601800 -2.838860 308.616200 -188.748345 -10.271745 302.803399
-183.458100 -2.749605 305.794900 -188.525909 -10.315804 300.034419
-183.343100 -2.662548 303.000200 -188.366637 -10.374101 297.279701
-183.261300 -2.570727 300.211900 -188.241460 -10.429274 294.511457
-183.178800 -2.471370 297.450000 -188.103175 -10.491248 291.782215
-183.090500 -2.384435 294.684900 -187.946969 -10.542515 288.998647
-182.927300 -2.297451 291.908300 -187.726546 -10.600258 286.213074
-182.766600 -2.207091 289.099200 -187.503616 -10.665171 283.408467
-182.613800 -2.123569 286.267300 -187.274297 -10.721839 280.588928
-182.441900 -2.031942 283.385600 -187.049901 -10.770085 277.743583
-182.300400 -1.925579 280.490600 -186.875056 -10.828409 274.855389
-182.149900 -1.800893 277.557000 -186.712764 -10.881014 271.933430
-182.001400 -1.699389 274.627800 -186.521745 -10.925621 268.959490
-181.823500 -1.591806 271.689000 -186.312406 -10.943159 265.986416
-181.638500 -1.484133 268.767800 -186.077734 -11.018889 263.048253
-181.424600 -1.374923 265.787800 -185.810279 -11.036435 260.048118
-181.219800 -1.264596 262.838200 -185.531006 -11.083379 257.052730
-181.009300 -1.208518 259.844900 -185.277114 -11.186088 254.010310
-180.770400 -1.114211 256.828000 -184.970106 -11.243877 250.974647
-180.561000 -1.019212 253.860400 -184.690005 -11.303488 247.991401
-180.372700 -0.946630 250.908200 -184.438892 -11.382124 245.040481
-180.191000 -0.871249 247.979500 -184.234858 -11.459923 242.175097
-180.025600 -0.791262 245.104800 -184.020084 -11.520923 239.298795
-179.890000 -0.701561 242.301100 -183.829699 -11.569842 236.472459
-179.765100 -0.610104 239.629200 -183.643617 -11.631181 233.772680
-179.603400 -0.548296 237.077700 -183.422496 -11.702553 231.220673
-179.486600 -0.489025 234.610600 -183.242866 -11.790404 228.743157
-179.426200 -0.418444 232.293500 -183.125780 -11.832862 226.406724
-179.384800 -0.349159 230.153000 -183.025821 -11.889294 224.262987
-179.372900 -0.287012 228.203000 -182.952328 -11.928006 222.313523
-179.353200 -0.231539 226.445600 -182.894755 -11.969039 220.544661
-179.284500 -0.183389 224.889700 -182.795585 -12.023550 218.967361
-179.159500 -0.146809 223.520400 -182.630590 -12.045779 217.599463
-178.892900 -0.110447 222.222300 -182.330527 -12.077256 216.281108
-178.440800 -0.083410 221.019500 -181.835490 -12.106051 215.065240
-177.799300 -0.067345 219.912400 -181.169186 -12.134499 213.979431
-176.993100 -0.041928 218.868700 -180.334126 -12.165475 212.904360
-175.953700 -0.008614 217.908600 -179.235759 -12.180788 211.913949
-174.646400 0.013927 217.098800 -177.912258 -12.182339 211.070959
-173.037500 0.015264 216.423500 -176.332564 -12.204043 210.409393
-171.242400 0.006739 215.987700 -174.537003 -12.208846 209.985637
-169.251700 -0.019615 215.748100 -172.597030 -12.214396 209.767221
-167.160900 -0.058318 215.651300 -170.553365 -12.223784 209.737668
-164.983800 -0.118821 215.579200 -168.378186 -12.246272 209.756961
-162.753200 -0.174543 215.542200 -166.150477 -12.268255 209.770720
-160.419600 -0.247535 215.517400 -163.857026 -12.310607 209.815145
-157.986900 -0.329241 215.494400 -161.449755 -12.342439 209.875585
-155.493900 -0.399931 215.476600 -158.972307 -12.367518 209.971295
-152.924600 -0.476539 215.528800 -156.407979 -12.388741 210.101071
-150.250300 -0.560118 215.556200 -153.755715 -12.430255 210.225389
-147.567100 -0.619885 215.656900 -151.076050 -12.452815 210.375576
-144.855900 -0.710862 215.751900 -148.406510 -12.455805 210.542140
-142.145800 -0.804003 215.896800 -145.723369 -12.456306 210.767654
-139.455100 -0.890565 216.087400 -143.069824 -12.479497 211.044205
-136.768400 -0.974578 216.330800 -140.374872 -12.510646 211.359028
-134.103700 -1.047336 216.562300 -137.746725 -12.517125 211.659841
-131.505400 -1.117805 216.803000 -135.142115 -12.543288 211.954038
-128.992800 -1.194745 217.018200 -132.638638 -12.595492 212.225478
-126.584900 -1.306515 217.191000 -130.242372 -12.602023 212.464099
-124.357100 -1.421077 217.330100 -128.020895 -12.623403 212.664295
-122.326100 -1.535093 217.418900 -125.973613 -12.676783 212.794259
-120.463500 -1.644178 217.466200 -124.098331 -12.719190 212.859218
-118.653600 -1.742730 217.497200 -122.248049 -12.744570 212.907630
-116.849600 -1.815262 217.495900 -120.397470 -12.777588 212.929685
-115.067800 -1.864826 217.514000 -118.600947 -12.805286 212.960479
-113.324000 -1.905071 217.535300 -116.844057 -12.799500 212.992958
-111.616000 -1.935585 217.623100 -115.129945 -12.815244 213.101599
-109.927700 -1.976780 217.875300 -113.437448 -12.833185 213.330097
-108.290900 -2.004646 218.301300 -111.784472 -12.845153 213.718420
-106.749500 -2.025929 218.945400 -110.218153 -12.863373 214.328917
-105.349200 -2.045845 219.793800 -108.815742 -12.850418 215.171837
-104.115500 -2.105153 220.834900 -107.581575 -12.865361 216.211819
-103.036000 -2.189144 222.051200 -106.499940 -12.870519 217.436578
-102.179100 -2.315727 223.400100 -105.647594 -12.883685 218.801696
-101.543200 -2.415078 224.848700 -105.033427 -12.880163 220.213299
-101.115700 -2.499770 226.383800 -104.631532 -12.884151 221.714807
-100.830600 -2.570641 227.968600 -104.358951 -12.888035 223.271966
-100.531100 -2.625163 229.501100 -104.066033 -12.896213 224.793808
-100.252100 -2.672563 231.017900 -103.770408 -12.911172 226.303279
-99.883990 -2.718972 232.463500 -103.384145 -12.921628 227.740068
-99.425550 -2.754618 233.824100 -102.892767 -12.929031 229.061893
-98.775880 -2.797730 234.872900 -102.249043 -12.964573 230.095096
-98.086100 -2.826192 235.806300 -101.529116 -12.963475 231.017124
-97.174270 -2.873917 236.468700 -100.587544 -12.961632 231.708988
-96.254150 -2.886378 236.931100 -99.609905 -12.975061 232.207211
-95.283150 -2.893774 237.358800 -98.568797 -12.980172 232.625508
-94.185080 -2.914728 237.674800 -97.397395 -12.997961 232.925045
-92.955310 -2.934146 237.898800 -96.117700 -13.003517 233.126050
-91.596850 -2.957697 238.102700 -94.713753 -13.010568 233.319724
-90.074690 -3.000677 238.248300 -93.140434 -13.032174 233.472275
-88.387450 -3.040495 238.391700 -91.421598 -13.056389 233.624303
-86.486290 -3.071277 238.540100 -89.565100 -13.074731 233.792428
-84.443490 -3.131581 238.650800 -87.554322 -13.081590 233.967967
-82.253860 -3.188940 238.746800 -85.403380 -13.107993 234.135586
-79.940140 -3.188593 238.872300 -83.120428 -13.130563 234.301356
-77.539590 -3.204957 239.011100 -80.749877 -13.153477 234.439931
-75.087440 -3.239402 239.150700 -78.317380 -13.186109 234.583971
-72.574930 -3.292981 239.313900 -75.798377 -13.224639 234.728375
-69.991910 -3.366787 239.446400 -73.201736 -13.241523 234.865971
-67.351620 -3.440482 239.548800 -70.551896 -13.287751 234.990060
-64.666360 -3.602912 239.657700 -67.927576 -13.342186 235.146760
-61.998030 -3.746013 239.808800 -65.315156 -13.388554 235.322197
-59.311750 -3.939659 239.952600 -62.711516 -13.430175 235.508770
-56.701950 -4.060627 240.109100 -60.119674 -13.472514 235.712747
-54.151130 -4.172782 240.267600 -57.554497 -13.527233 235.923654
-51.625940 -4.290144 240.427100 -55.026942 -13.573203 236.127895
-49.127390 -4.421564 240.564300 -52.551222 -13.612225 236.339180
-46.665870 -4.538667 240.712700 -50.117743 -13.677760 236.558904
-44.240570 -4.651036 240.886300 -47.699111 -13.723772 236.779589
-41.878960 -4.728352 241.088900 -45.339346 -13.770164 236.992055
-39.649020 -4.769963 241.312800 -43.121834 -13.802040 237.220644
-37.552430 -4.809079 241.539400 -41.024221 -13.854174 237.449170
-35.488740 -4.855125 241.743100 -38.982781 -13.893551 237.645054
-33.456700 -4.876482 241.939000 -36.959681 -13.925035 237.820251
-31.533090 -4.898054 242.124800 -35.020229 -13.950811 237.998964
-29.764560 -4.942867 242.287900 -33.224676 -13.983454 238.167539
-28.172420 -5.007234 242.408100 -31.628048 -14.000470 238.280374
-26.747170 -5.053168 242.468900 -30.186039 -14.038646 238.328391
-25.460260 -5.070177 242.473300 -28.873838 -14.058158 238.344349
-24.318710 -5.104554 242.437400 -27.716107 -14.079794 238.315270
-23.324200 -5.163532 242.322300 -26.720127 -14.089493 238.231858
-22.483780 -5.221438 242.186900 -25.863584 -14.100307 238.129412
-21.843230 -5.259766 242.069500 -25.220065 -14.108601 238.040677
-21.357270 -5.274070 241.937100 -24.730002 -14.107359 237.937399
-20.874950 -5.301724 241.791000 -24.250117 -14.121100 237.796372
-20.410090 -5.302005 241.641000 -23.781852 -14.118475 237.647978
-19.938580 -5.286906 241.453200 -23.308651 -14.119029 237.466633
-19.330890 -5.318294 241.150500 -22.695553 -14.128222 237.174095
-18.603550 -5.404650 240.674100 -21.990253 -14.137588 236.723340
-17.817550 -5.481176 240.000300 -21.207907 -14.148824 236.106812
-17.047940 -5.517479 239.130000 -20.421522 -14.146680 235.228260
-16.371440 -5.510814 238.041100 -19.730629 -14.159277 234.114036
-15.819140 -5.521756 236.731500 -19.202508 -14.161309 232.780719
-15.431720 -5.507429 235.164300 -18.815311 -14.155456 231.210149
-15.160930 -5.481781 233.366900 -18.512759 -14.147379 229.409757
-14.985430 -5.428723 231.359800 -18.327792 -14.121047 227.437355
-14.879450 -5.367708 229.166100 -18.227033 -14.106463 225.265152
-14.834570 -5.296103 226.783800 -18.162705 -14.053263 222.885988
-14.805910 -5.202901 224.227300 -18.100998 -14.001583 220.354627
-14.776150 -5.093850 221.503700 -18.020968 -13.936358 217.649070
-14.726190 -4.990431 218.625200 -17.949091 -13.887210 214.775651
-14.646810 -4.902737 215.602400 -17.841756 -13.839224 211.763935
-14.509690 -4.811522 212.459600 -17.638348 -13.823454 208.624115
-14.353480 -4.732652 209.201300 -17.411430 -13.773800 205.377678
-14.179740 -4.652377 205.869600 -17.166101 -13.752139 202.058698
-13.962380 -4.581422 202.478800 -16.898033 -13.726617 198.740359
-13.739120 -4.511093 199.045100 -16.615473 -13.685295 195.324344
-13.514930 -4.432709 195.572200 -16.319916 -13.647987 191.875541
-13.275440 -4.356643 192.054900 -16.049839 -13.607818 188.407304
-13.052000 -4.285346 188.499600 -15.772920 -13.548699 184.914268
-12.854570 -4.178980 184.884700 -15.532104 -13.468394 181.344222
-12.675140 -4.065229 181.220200 -15.288674 -13.369293 177.700159
-12.508030 -3.960138 177.502000 -15.068987 -13.300681 173.993004
-12.341190 -3.859344 173.718700 -14.830879 -13.226010 170.182801
-12.175010 -3.753055 169.898000 -14.627827 -13.141388 166.347959
-12.018250 -3.654372 166.028100 -14.431534 -13.097135 162.473399
-11.841350 -3.554551 162.134100 -14.210911 -13.027670 158.539344
-11.655180 -3.475071 158.220500 -13.951863 -12.961971 154.610132
-11.466580 -3.404632 154.287300 -13.685534 -12.881966 150.675511
-11.281310 -3.336424 150.320000 -13.429265 -12.836401 146.812629
-11.057620 -3.207848 146.379100 -13.204026 -12.799024 142.963978
-10.815240 -3.079246 142.443600 -12.945517 -12.710630 139.085781
-10.570550 -2.953729 138.517900 -12.682622 -12.603263 135.249035
-10.333980 -2.818003 134.639100 -12.371395 -12.490750 131.418755
-10.123240 -2.741915 130.785800 -12.077911 -12.406551 127.643287
-9.914350 -2.693324 127.027500 -11.793201 -12.319127 123.940536
-9.696148 -2.675813 123.395700 -11.518651 -12.248100 120.366757
-9.493383 -2.664828 119.914400 -11.240549 -12.194547 116.902365
-9.310280 -2.629674 116.607700 -11.015549 -12.140035 113.633693
-9.151332 -2.588856 113.442300 -10.823553 -12.084877 110.543088
-9.017561 -2.534579 110.482000 -10.631808 -12.029611 107.624632
-8.888960 -2.499823 107.744800 -10.468431 -11.995463 104.966810
-8.774269 -2.471963 105.222900 -10.328206 -11.948537 102.489622
-8.679794 -2.425206 102.918000 -10.180095 -11.901926 100.229976
-8.504861 -2.388482 100.812800 -9.972670 -11.858858 98.187752
-8.163715 -2.367550 98.919720 -9.607827 -11.822604 96.346796
-7.618518 -2.365779 97.243660 -9.041961 -11.804014 94.736988
-6.858427 -2.377152 95.725240 -8.284929 -11.788544 93.286385
-5.899838 -2.396299 94.392380 -7.307037 -11.764835 91.996012
-4.759829 -2.414550 93.253900 -6.174965 -11.775132 90.871392
-3.450087 -2.407850 92.348760 -4.897303 -11.764912 90.026890
-1.973871 -2.417222 91.691730 -3.462161 -11.767065 89.453873
-0.436803 -2.446763 91.261860 -1.996405 -11.786004 89.109947
1.138073 -2.480120 91.026340 -0.472653 -11.806270 88.955631
2.751248 -2.544208 90.881970 1.099586 -11.857284 88.886466
4.431705 -2.590718 90.766140 2.755954 -11.907073 88.858763
6.211745 -2.650403 90.683570 4.529473 -11.968167 88.860470
8.081090 -2.703699 90.578530 6.389284 -12.027233 88.849252
10.076580 -2.773656 90.469280 8.387545 -12.097616 88.842882
12.205890 -2.834519 90.365360 10.550559 -12.153290 88.836255
14.489810 -2.901943 90.290310 12.828035 -12.212313 88.854958
16.910510 -2.960754 90.321490 15.257714 -12.272977 88.981391
19.453620 -3.034010 90.459650 17.809401 -12.345999 89.182741
22.045730 -3.131090 90.671110 20.412011 -12.475612 89.450641
24.644280 -3.253324 90.895340 23.008625 -12.594324 89.730051
27.207850 -3.371323 91.064010 25.592464 -12.705567 89.969676
29.764780 -3.470581 91.130150 28.158150 -12.797995 90.111293
32.287690 -3.554151 91.085550 30.725405 -12.878252 90.150736
34.803420 -3.638640 90.937800 33.269361 -12.969455 90.087774
37.325120 -3.725465 90.728940 35.779384 -13.062358 89.966493
39.896170 -3.816446 90.508470 38.362666 -13.147522 89.850775
42.547960 -3.919092 90.289960 41.001277 -13.245360 89.720680
45.244630 -4.029977 90.097810 43.681897 -13.357145 89.613620
47.943020 -4.137800 89.903610 46.422708 -13.416351 89.516102
50.617990 -4.246250 89.629730 49.134880 -13.512145 89.344757
53.252150 -4.349397 89.185630 51.814915 -13.610067 88.983413
55.814150 -4.435513 88.557720 54.355144 -13.711207 88.459691
58.313300 -4.506276 87.791630 56.893739 -13.781887 87.797752
60.805470 -4.550111 86.920740 59.416169 -13.828193 86.992340
63.322020 -4.563838 85.994100 61.953592 -13.835414 86.156710
65.833720 -4.600068 85.055040 64.482377 -13.865517 85.311204
68.406220 -4.658949 84.080780 67.070605 -13.911374 84.439117
70.998610 -4.693642 83.045350 69.670703 -13.941719 83.496452
73.578520 -4.736698 81.879280 72.288932 -13.989557 82.429916
76.170160 -4.804992 80.586970 74.914252 -14.057111 81.216916
78.819830 -4.873979 79.219290 77.605529 -14.120223 79.956867
81.480420 -4.940816 77.842690 80.276573 -14.168535 78.685418
84.108690 -5.012160 76.469870 82.893781 -14.244298 77.409000
86.695220 -5.077013 75.055290 85.504042 -14.294029 76.107623
89.188920 -5.126981 73.556030 88.058788 -14.333833 74.696318
91.573040 -5.173387 71.968490 90.489255 -14.361768 73.191280
93.850380 -5.217836 70.285940 92.847526 -14.396683 71.584116
96.020560 -5.253594 68.521450 95.077331 -14.420768 69.880092
98.103890 -5.288861 66.740880 97.207409 -14.423022 68.177967
100.107700 -5.322308 65.034010 99.236426 -14.447303 66.570780
101.996900 -5.356329 63.459780 101.184255 -14.447509 65.096219
103.764900 -5.381607 62.070330 103.002237 -14.457832 63.756041
105.408600 -5.405058 60.801050 104.676330 -14.473819 62.560707
107.003200 -5.431921 59.530310 106.293916 -14.504628 61.354727
108.589500 -5.444140 58.247390 107.921427 -14.515649 60.131655
110.134700 -5.438721 56.970520 109.504315 -14.505733 58.909572
111.717500 -5.449228 55.637520 111.126516 -14.520763 57.644783
113.353400 -5.460142 54.247110 112.790890 -14.524310 56.307676
115.077800 -5.455029 52.831180 114.556272 -14.510506 54.962580
116.904200 -5.427523 51.439420 116.435742 -14.470946 53.646870
118.836800 -5.424749 50.054850 118.393787 -14.468464 52.348133
120.853600 -5.442470 48.602090 120.452331 -14.468613 50.956754
122.938000 -5.457842 47.083700 122.605068 -14.456423 49.500028
125.092700 -5.480393 45.485300 124.801099 -14.480869 47.989982
127.330000 -5.493653 43.820780 127.080404 -14.488527 46.425161
129.637600 -5.504398 42.087830 129.447556 -14.500143 44.778401
131.967100 -5.496770 40.344760 131.854086 -14.471126 43.101592
134.297900 -5.490212 38.609850 134.250130 -14.450613 41.464644
136.621900 -5.500053 36.849050 136.643997 -14.447667 39.796923
138.949900 -5.516939 35.131110 139.018639 -14.442454 38.163292
141.293500 -5.517039 33.464730 141.394049 -14.453274 36.597854
143.603900 -5.509807 31.795640 143.719079 -14.430928 35.028082
145.871800 -5.530850 30.121580 146.022928 -14.431056 33.424040
148.133300 -5.558442 28.418200 148.323609 -14.441681 31.808750
150.347600 -5.568938 26.750990 150.552772 -14.451001 30.248045
152.506100 -5.591898 25.137140 152.778939 -14.447901 28.700843
154.521200 -5.616276 23.603510 154.815750 -14.453978 27.292785
156.409800 -5.661844 22.104300 156.763915 -14.470542 25.884038
158.102600 -5.694254 20.729550 158.531298 -14.464047 24.578664
159.605700 -5.737221 19.470090 160.040758 -14.477636 23.367819
161.034400 -5.781742 18.328640 161.489036 -14.492394 22.313376
162.527500 -5.819248 17.369930 162.973295 -14.523872 21.431266
164.102000 -5.863518 16.690040 164.583407 -14.552562 20.831083
165.725700 -5.932357 16.231240 166.213170 -14.619947 20.435466
167.465400 -6.003373 15.980230 167.937338 -14.699768 20.248233
169.275300 -6.055693 15.912810 169.750929 -14.771486 20.231687
171.157200 -6.110564 15.957740 171.631002 -14.844675 20.324052
173.098700 -6.165077 15.972680 173.558252 -14.914783 20.387721
175.120500 -6.220298 15.945180 175.545211 -14.989346 20.385074
177.167200 -6.287121 15.872150 177.564861 -15.088509 20.355411
179.305300 -6.377428 15.756280 179.704310 -15.190347 20.304090
181.477000 -6.448627 15.604010 181.898805 -15.277090 20.220469
183.703700 -6.527412 15.412020 184.131179 -15.373087 20.097424
185.980700 -6.598723 15.238130 186.405511 -15.465805 19.999869
188.280500 -6.660596 15.072990 188.704783 -15.551708 19.928497
190.577500 -6.715856 14.896800 190.994402 -15.637899 19.815230
192.894300 -6.763373 14.714610 193.337258 -15.727551 19.735551
195.244200 -6.821679 14.510220 195.668769 -15.830215 19.639204
197.633500 -6.899957 14.283820 198.038689 -15.953642 19.494321
200.090000 -6.975899 14.030130 200.468593 -16.066323 19.316804
202.592100 -7.057848 13.785300 202.974206 -16.170903 19.161933
205.104900 -7.133726 13.534110 205.556108 -16.277252 19.015600
207.640700 -7.212206 13.310070 208.102610 -16.400978 18.902509
210.148900 -7.301560 13.111090 210.588012 -16.508724 18.805786
212.697300 -7.402686 12.915740 213.138903 -16.630246 18.717539
215.224700 -7.474428 12.737830 215.615527 -16.726912 18.631134
217.808000 -7.551199 12.513180 218.165898 -16.828640 18.509799
220.389500 -7.631751 12.282700 220.736377 -16.923785 18.388300
223.037500 -7.731282 12.068550 223.391390 -17.028337 18.263334
225.699900 -7.812128 11.872960 226.052387 -17.126520 18.165127
228.380800 -7.899172 11.657570 228.681137 -17.213698 18.059021
231.063800 -7.987456 11.400770 231.299729 -17.342597 17.868529
233.768800 -8.077315 11.157120 234.002683 -17.455220 17.729497
236.452700 -8.151328 10.908570 236.696969 -17.524484 17.607988
239.115400 -8.251307 10.628320 239.317173 -17.637835 17.422982
241.756200 -8.367849 10.390980 241.941681 -17.770275 17.278476
244.376200 -8.492051 10.177670 244.566419 -17.874318 17.136567
246.942400 -8.603928 9.977031 247.144369 -17.994777 17.021988
249.503100 -8.716152 9.796410 249.708846 -18.125083 16.919774
251.962400 -8.813807 9.616742 252.170236 -18.226263 16.821280
254.329800 -8.915950 9.452561 254.518591 -18.324934 16.740926
256.557200 -9.002864 9.297183 256.733960 -18.411678 16.672187
258.681500 -9.085217 9.140396 258.842948 -18.512507 16.592468
260.487900 -9.152938 8.870715 260.863078 -18.615788 16.493874
262.171000 -9.209445 8.558198 262.766868 -18.699112 16.319466
263.852900 -9.265872 8.246051 264.582090 -18.761761 16.073685
265.533700 -9.322224 7.934305 266.224784 -18.816715 15.786174
267.212200 -9.378456 7.623220 267.679538 -18.849025 15.496729
268.719700 -9.429499 7.309828 268.938940 -18.872824 15.205051
269.768600 -9.463785 7.040605 269.992160 -18.922657 14.997667
270.654800 -9.498230 6.869143 270.872244 -18.946335 14.864025
271.433400 -9.544996 6.780906 271.671324 -18.980792 14.801664
272.188300 -9.586484 6.798910 272.451666 -18.999077 14.827901
272.939800 -9.626310 6.915555 273.220170 -19.019773 14.961449
273.674100 -9.677120 7.139266 273.953169 -19.058376 15.229930
274.435500 -9.726740 7.486302 274.692995 -19.114664 15.609535
275.206100 -9.760267 8.021776 275.441170 -19.173519 16.170276
275.841400 -9.810775 9.123003 276.106863 -19.252047 16.984573
276.399700 -9.859061 10.403880 276.747010 -19.336108 17.999223
276.938800 -9.906249 11.672800 277.227836 -19.431328 19.190133
277.461700 -9.952392 12.927990 277.615705 -19.537584 20.606469
277.969300 -9.997356 14.165350 277.994108 -19.658800 22.216739
278.402000 -10.043180 15.600760 278.283411 -19.787774 24.026129
278.675500 -10.130970 17.540870 278.433485 -19.944506 26.005355
278.887100 -10.206980 19.689590 278.534238 -20.097424 28.195193
279.050300 -10.281860 22.004090 278.584504 -20.270301 30.525407
279.153100 -10.347290 24.513040 278.612783 -20.452431 33.004809
279.310000 -10.440570 27.147550 278.657942 -20.663425 35.661286
279.492000 -10.525190 29.910160 278.734004 -20.866169 38.415678
279.682000 -10.603320 32.722430 278.837190 -21.076671 41.224609
279.891600 -10.715700 35.618700 278.949391 -21.302414 44.122136
280.117300 -10.815410 38.587970 279.081006 -21.523342 47.080038
280.340800 -10.932330 41.563150 279.193068 -21.755277 50.054962
280.553900 -11.048300 44.602790 279.279168 -21.992752 53.092606
280.757500 -11.141830 47.669170 279.363369 -22.196413 56.154326
280.966700 -11.217030 50.717990 279.450089 -22.378341 59.187940
281.189800 -11.318560 53.763250 279.562999 -22.575291 62.190935
281.387500 -11.439040 56.840290 279.696723 -22.816927 65.246068
281.609200 -11.551320 59.915920 279.807630 -23.018702 68.308107
281.892800 -11.640240 62.993940 279.966177 -23.221211 71.360054
282.168100 -11.733700 66.061440 280.139182 -23.436103 74.406437
282.386200 -11.828620 69.137860 280.241759 -23.641025 77.431581
282.581400 -11.948090 72.205720 280.335717 -23.860681 80.488799
282.741100 -12.047080 75.260420 280.427616 -24.076665 83.528591
282.945600 -12.159440 78.300480 280.544463 -24.341766 86.507996
283.185400 -12.264670 81.322840 280.642610 -24.568879 89.531738
283.441700 -12.376840 84.363870 280.776370 -24.796008 92.546789
283.683800 -12.471100 87.353300 280.904480 -25.001828 95.521006
283.940100 -12.607240 90.352150 281.046252 -25.269548 98.550829
284.231300 -12.698380 93.355260 281.238568 -25.478218 101.564029
284.541900 -12.807610 96.345100 281.444139 -25.717523 104.564964
284.938000 -12.915950 99.320580 281.740480 -25.925598 107.550283
285.395000 -13.015420 102.259500 282.111327 -26.155784 110.490500
285.844100 -13.129130 105.163200 282.443651 -26.376431 113.404642
286.321900 -13.250710 108.053700 282.824271 -26.615169 116.313885
286.793800 -13.358670 110.912200 283.194449 -26.833273 119.192473
287.216900 -13.471990 113.736500 283.514886 -27.038310 122.029277
287.630900 -13.607370 116.518500 283.785284 -27.251074 124.818094
288.058700 -13.722670 119.219300 284.060965 -27.456907 127.558753
288.448800 -13.836180 121.780900 284.272852 -27.624351 130.192159
288.846400 -13.938320 124.280600 284.554886 -27.811778 132.726911
289.285300 -14.026510 126.630100 284.927786 -27.985621 135.096201
289.743500 -14.106060 128.835400 285.295942 -28.156775 137.307647
290.213000 -14.196550 130.821100 285.678749 -28.320671 139.331314
290.683600 -14.272960 132.626000 286.066748 -28.474867 141.159199
291.166200 -14.344990 134.262000 286.481094 -28.594064 142.825125
291.580800 -14.398990 135.832500 286.834503 -28.698367 144.422310
291.961700 -14.451440 137.426400 287.137692 -28.818248 146.029692
292.194000 -14.513750 139.020100 287.330933 -28.921755 147.627398
292.237900 -14.563110 140.604400 287.307498 -29.070088 149.213301
291.762300 -14.609620 142.158200 287.057505 -29.189199 150.792140
290.662500 -14.643430 143.578100 286.491771 -29.309944 152.315983
289.562400 -14.676310 144.964600 285.660378 -29.405636 153.793888
288.468100 -14.708470 146.318100 284.525696 -29.501399 155.134292
287.386000 -14.740240 147.641500 283.123956 -29.554057 156.291133
286.399400 -14.781950 148.976200 281.490901 -29.598496 157.264986
284.571900 -14.809780 149.919400 279.638718 -29.639203 158.147184
282.598600 -14.819690 150.835500 277.629203 -29.688822 159.038879
280.553400 -14.841380 151.805400 275.550989 -29.730579 159.953096
278.418500 -14.864300 152.847000 273.401700 -29.774405 160.916004
276.187000 -14.902430 153.972900 271.125770 -29.843179 161.949043
273.848800 -14.912260 155.201700 268.755969 -29.928021 163.083820
271.423500 -14.937030 156.516000 266.276176 -30.012365 164.299858
268.909500 -14.937400 157.880900 263.724145 -30.089982 165.569347
266.393100 -14.927640 159.278800 261.157845 -30.173202 166.859250
263.831700 -14.967130 160.712200 258.515453 -30.282718 168.228109
261.343100 -14.958730 162.229400 255.934575 -30.394364 169.680874
258.927700 -14.921640 163.839100 253.468455 -30.527956 171.215746
256.567900 -14.872540 165.515700 251.057247 -30.642823 172.756149
254.220600 -14.783420 167.219800 248.640498 -30.736544 174.344546
251.812400 -14.694640 168.915300 246.183803 -30.821303 175.931209
249.342900 -14.576100 170.564800 243.656330 -30.898997 177.455863
246.829700 -14.483070 172.171100 241.047744 -30.988623 178.917105
244.268800 -14.400570 173.728400 238.450836 -31.080886 180.354447
241.687800 -14.312000 175.211100 235.832317 -31.151688 181.720488
239.066600 -14.252650 176.646400 233.169804 -31.219683 183.039528
236.435100 -14.187340 178.027700 230.419841 -31.286852 184.298402
233.828600 -14.117290 179.391700 227.740099 -31.357468 185.543175
231.251200 -14.083090 180.752600 225.106413 -31.458376 186.788107
228.707700 -14.061080 182.113100 222.495341 -31.563488 188.044667
226.214900 -14.019510 183.484500 219.927923 -31.657122 189.316760
223.769900 -13.986440 184.811700 217.416437 -31.739947 190.539057
221.367300 -13.940500 186.107100 214.943707 -31.829604 191.706404
219.059200 -13.901220 187.344000 212.572624 -31.902618 192.825268
216.843700 -13.873170 188.521200 210.322669 -31.984917 193.889090
214.730300 -13.857040 189.612200 208.170761 -32.046254 194.893351
212.761600 -13.840260 190.600600 206.196631 -32.125284 195.775953
210.934100 -13.813760 191.518800 204.341808 -32.194196 196.599235
209.293500 -13.791380 192.364900 202.655531 -32.244584 197.349982
207.831400 -13.761680 193.113300 201.131592 -32.279344 198.020405
206.576700 -13.747410 193.798300 199.825963 -32.337038 198.638362
205.539900 -13.718860 194.395600 198.730567 -32.363680 199.202340
204.729700 -13.716410 194.901600 197.877498 -32.396622 199.671662
204.122300 -13.721140 195.321500 197.225118 -32.420401 200.071341
203.546300 -13.722930 195.745200 196.620016 -32.439496 200.462047
203.042900 -13.710670 196.282400 196.031846 -32.456160 200.871875
202.515700 -13.707860 196.788100 195.437115 -32.482717 201.280836
201.945400 -13.704660 197.325500 194.818154 -32.507453 201.755458
201.195300 -13.711620 198.000000 194.021169 -32.553158 202.368074
200.227400 -13.702690 198.808500 193.003110 -32.596171 203.136707
199.076800 -13.714030 199.760000 191.796872 -32.668530 204.045716
197.730700 -13.698010 200.791700 190.408512 -32.715001 204.986172
196.253000 -13.678720 201.872000 188.873974 -32.763114 205.987504
194.623700 -13.643110 202.967100 187.226808 -32.790939 206.995416
192.619800 -13.606360 204.117900 185.413138 -32.843214 208.003414
190.615300 -13.569580 205.269000 183.463073 -32.906391 209.026280
188.611600 -13.532810 206.419500 181.421421 -32.950920 210.077724
186.608000 -13.496030 207.569800 179.292925 -32.974882 211.141707
184.604500 -13.459230 208.720100 177.092091 -33.030735 212.237470
182.452000 -13.425990 209.923800 174.812856 -33.084888 213.358697
180.162600 -13.383720 211.202300 172.478596 -33.137966 214.520502
177.855000 -13.327490 212.473600 170.115383 -33.177256 215.682167
175.554100 -13.282870 213.761200 167.771850 -33.239823 216.876834
173.260900 -13.232270 215.031900 165.438327 -33.300955 218.063631
171.006800 -13.189410 216.296100 163.123291 -33.343615 219.225885
168.770100 -13.162450 217.549300 160.826572 -33.401339 220.365342
166.635700 -13.138130 218.725900 158.639026 -33.476036 221.431660
164.640400 -13.120980 219.823800 156.600025 -33.541982 222.416911
162.800000 -13.099120 220.792300 154.736230 -33.600014 223.290180
161.109900 -13.077900 221.618400 153.017670 -33.643396 224.024762
159.510500 -13.059160 222.334400 151.410379 -33.696141 224.649537
157.845500 -13.036270 222.860900 149.717547 -33.744585 225.109714
156.181300 -13.011460 223.202900 148.039060 -33.781378 225.360999
154.511100 -12.975700 223.364000 146.360196 -33.812923 225.423679
152.786900 -12.928880 223.350100 144.629047 -33.813581 225.314019
150.969000 -12.863320 223.245000 142.800588 -33.812466 225.148836
149.048400 -12.760270 223.060600 140.868500 -33.786774 224.890505
146.999200 -12.646040 222.886700 138.814326 -33.742606 224.633331
144.811400 -12.537390 222.709100 136.616027 -33.710527 224.347516
142.452400 -12.429120 222.507300 134.269938 -33.694831 224.045087
139.985700 -12.325800 222.307100 131.822045 -33.657331 223.738976
137.342300 -12.226480 222.162600 129.177648 -33.650760 223.469320
134.568800 -12.106890 222.029900 126.416342 -33.644409 223.223824
131.695500 -11.989370 221.932100 123.571816 -33.619127 222.991535
128.711000 -11.905190 221.803000 120.605483 -33.646796 222.724141
125.647300 -11.788570 221.650100 117.562900 -33.617527 222.457813
122.615400 -11.683070 221.500000 114.528808 -33.641159 222.182249
119.543800 -11.598000 221.309500 111.475631 -33.657649 221.846158
116.511500 -11.487650 221.102100 108.432125 -33.653956 221.497364
113.516800 -11.390410 220.903600 105.417879 -33.671944 221.187554
110.545200 -11.284410 220.708000 102.455249 -33.669988 220.874788
107.636200 -11.196560 220.532300 99.535513 -33.686267 220.578347
104.717200 -11.122930 220.373700 96.638618 -33.727964 220.303743
101.840600 -11.031960 220.218600 93.813494 -33.745498 220.028827
98.994700 -10.951240 220.067300 90.981567 -33.743290 219.773888
96.181550 -10.860980 219.895100 88.153238 -33.740078 219.466270
93.438620 -10.768040 219.686500 85.421847 -33.758879 219.127345
90.855460 -10.699190 219.500600 82.827234 -33.751423 218.775587
88.388610 -10.630210 219.326300 80.375488 -33.745957 218.437116
86.123680 -10.565010 219.157800 78.097811 -33.730477 218.131528
84.049970 -10.496590 219.045300 75.991498 -33.733350 217.899741
82.152880 -10.430650 219.016300 74.050986 -33.708372 217.805199
80.388010 -10.368710 219.115100 72.240864 -33.707456 217.845164
78.664760 -10.310930 219.366200 70.468108 -33.699568 217.992182
77.016290 -10.245850 219.796000 68.739122 -33.685767 218.318742
75.461480 -10.209370 220.446100 67.113167 -33.704044 218.864364
74.069090 -10.180990 221.411200 65.640651 -33.719871 219.757212
72.862850 -10.171480 222.604000 64.365171 -33.718008 220.935740
71.841850 -10.170240 224.015300 63.263735 -33.750482 222.289698
71.023420 -10.180540 225.699900 62.400979 -33.821521 223.897671
70.421670 -10.201490 227.540000 61.734790 -33.881391 225.691493
70.034550 -10.244060 229.518400 61.259419 -33.939958 227.648072
69.813760 -10.301340 231.610700 60.943771 -33.997301 229.708737
69.670080 -10.349100 233.800300 60.710767 -34.079667 231.928080
69.603690 -10.401140 236.022800 60.548954 -34.140998 234.205055
69.545910 -10.474520 238.342600 60.388103 -34.207157 236.534163
69.499400 -10.591530 240.719700 60.231308 -34.273825 238.937704
69.469400 -10.730430 243.192800 60.135487 -34.372772 241.386331
69.384530 -10.855180 245.776400 59.961230 -34.463845 243.953982
69.232580 -10.937090 248.432800 59.635007 -34.545507 246.656623
69.094640 -11.021410 251.146000 59.400947 -34.645016 249.319105
68.950990 -11.129320 253.982700 59.107529 -34.747845 252.218036
68.811860 -11.206620 256.917100 58.784816 -34.813136 255.203512
68.650580 -11.319500 259.920100 58.570145 -34.913911 258.153157
68.462200 -11.442200 263.082100 58.326684 -35.006795 261.239207
68.288560 -11.536830 266.252800 58.035015 -35.079148 264.382980
68.096650 -11.651070 269.464100 57.683381 -35.164080 267.590407
67.903830 -11.737430 272.683000 57.341298 -35.258817 270.812433
67.721470 -11.833230 275.872400 57.013510 -35.346286 273.999489
67.525460 -11.950250 279.043300 56.659568 -35.477870 277.145049
67.317450 -12.056280 282.219100 56.332207 -35.576753 280.266495
67.111650 -12.148310 285.343500 55.990442 -35.686271 283.384459
66.901350 -12.228210 288.508400 55.660044 -35.762293 286.511419
66.688140 -12.254020 291.652400 55.330854 -35.866752 289.573755
66.478800 -12.298980 294.782200 55.021109 -35.992299 292.642157
66.289190 -12.344650 297.878200 54.732754 -36.090411 295.669307
66.078070 -12.402140 300.944500 54.393639 -36.186343 298.674313
65.826270 -12.452620 304.008500 54.020711 -36.260950 301.686545
65.573590 -12.491640 307.018200 53.668691 -36.338160 304.638191
65.274710 -12.553840 310.032300 53.250741 -36.466739 307.611372
64.924470 -12.631840 313.030600 52.801472 -36.585721 310.592531
64.540610 -12.704040 315.995300 52.301170 -36.688935 313.505233
64.089990 -12.775840 318.947600 51.724872 -36.796478 316.406399
63.671720 -12.844410 321.903700 51.181083 -36.899501 319.323221
63.304260 -12.917430 324.895900 50.691955 -37.013244 322.265918
62.967580 -12.967310 327.898100 50.229080 -37.105906 325.227811
62.699080 -13.033260 330.909200 49.835439 -37.180450 328.229460
62.553590 -13.107310 333.929000 49.476130 -37.270522 331.256854
62.402330 -13.172430 336.963400 49.134868 -37.386983 334.285857
62.266570 -13.242410 340.021300 48.854999 -37.476876 337.307344
62.116500 -13.333780 343.035800 48.563247 -37.561002 340.305303
61.993500 -13.409290 346.032900 48.279387 -37.659745 343.306957
61.866370 -13.458100 348.989100 47.994407 -37.736801 346.260006
61.760870 -13.498290 351.857800 47.736867 -37.806490 349.105807
61.679290 -13.553940 354.611700 47.547963 -37.908773 351.827789
61.586300 -13.616000 357.261400 47.355159 -38.003900 354.456068
61.550600 -13.693030 359.776900 47.179372 -38.092590 356.987088
61.577240 -13.760600 362.145700 47.051903 -38.172908 359.414379
61.603020 -13.809160 364.290800 46.963893 -38.240467 361.564332
61.628690 -13.878900 366.323100 46.904836 -38.304931 363.620989
61.649880 -13.942620 368.352400 46.807798 -38.383800 365.637231
61.624730 -14.006830 370.355800 46.689105 -38.462699 367.635586
61.511180 -14.044290 372.339500 46.476660 -38.524809 369.587526
61.271590 -14.098560 374.388200 46.126729 -38.604454 371.600649
60.966710 -14.145940 376.528400 45.710337 -38.677064 373.693864
60.637150 -14.198740 378.796200 45.257262 -38.768251 375.935440
60.324540 -14.259090 381.208000 44.804316 -38.833598 378.353427
60.065570 -14.312040 383.741300 44.434398 -38.919009 380.816306
59.884830 -14.392860 386.413700 44.130321 -39.003893 383.443850
59.789830 -14.499610 389.195600 43.894615 -39.105072 386.189375
59.765420 -14.648810 392.106700 43.688450 -39.213243 389.113878
59.766400 -14.775630 395.121300 43.501832 -39.308416 392.148076
59.728620 -14.891240 398.268800 43.268814 -39.410100 395.307648
59.673270 -15.002030 401.492900 43.021596 -39.512475 398.530265
59.575390 -15.125630 404.694600 42.774132 -39.629940 401.678349
59.425140 -15.238350 407.916600 42.455266 -39.726315 404.871846
59.267000 -15.332640 411.104300 42.122752 -39.831880 408.035573
59.084670 -15.442720 414.257800 41.792429 -39.946060 411.166390
58.913680 -15.540990 417.417100 41.482216 -40.062223 414.312498
58.748810 -15.618680 420.528100 41.155791 -40.149732 417.404242
58.574140 -15.721200 423.604200 40.812557 -40.264679 420.477071
58.437200 -15.831910 426.635400 40.506064 -40.390435 423.521318
58.286850 -15.930520 429.523300 40.192822 -40.489622 426.417831
58.117570 -16.035840 432.280500 39.875968 -40.623993 429.145019
57.924100 -16.126580 434.902000 39.533745 -40.718451 431.735339
57.663190 -16.198000 437.382700 39.177174 -40.817442 434.170412
57.368250 -16.266080 439.710400 38.795215 -40.923770 436.454952
57.036690 -16.342380 441.889000 38.336281 -41.014155 438.626301
56.656850 -16.405690 443.874800 37.853555 -41.099457 440.583145
56.323860 -16.453980 445.645400 37.431298 -41.179844 442.331601
56.148660 -16.507570 447.270100 37.179938 -41.241893 443.932944
56.616130 -16.572900 448.530800 37.181699 -41.298872 445.444400
57.333540 -16.642980 449.649800 37.462051 -41.353204 446.833693
58.025620 -16.710360 450.723300 38.020354 -41.390602 448.067048
58.683230 -16.774530 451.752100 38.802420 -41.408574 449.138080
59.300760 -16.835770 452.745900 39.764209 -41.389970 449.935473
60.051910 -16.884180 453.493100 40.859625 -41.346902 450.513194
61.232100 -16.908290 453.863600 42.088281 -41.278777 450.943687
62.575150 -16.950470 454.072200 43.431179 -41.229085 451.200286
64.075560 -16.979110 454.193600 44.943658 -41.128504 451.382742
65.729870 -17.027290 454.237800 46.577216 -41.056811 451.499218
67.536180 -17.074710 454.320400 48.358331 -40.979153 451.677829
69.481920 -17.123110 454.413600 50.288629 -40.884625 451.880358
71.568440 -17.193160 454.517900 52.379499 -40.768116 452.097797
73.783230 -17.273360 454.637300 54.548094 -40.672767 452.349459
76.158670 -17.368980 454.789800 56.874044 -40.593280 452.635825
78.646770 -17.452720 454.943100 59.330738 -40.491864 452.923849
81.225870 -17.547710 455.115600 61.891387 -40.374683 453.254654
83.916780 -17.660240 455.302300 64.542116 -40.273511 453.575411
86.702020 -17.765880 455.456700 67.308284 -40.177323 453.875771
89.526350 -17.857080 455.578300 70.146433 -40.058450 454.169118
92.412350 -17.956320 455.733700 73.033104 -39.945090 454.517670
95.328570 -18.062660 455.895400 75.902553 -39.803055 454.853761
98.249890 -18.182220 456.054300 78.813124 -39.690200 455.185718
101.184100 -18.281970 456.224200 81.717723 -39.569354 455.502504
104.093100 -18.370900 456.393100 84.596825 -39.444438 455.801623
106.998900 -18.475950 456.525600 87.475282 -39.330732 456.084048
109.897200 -18.576940 456.654500 90.327878 -39.205811 456.379819
112.749700 -18.706180 456.816600 93.150346 -39.119933 456.693287
115.610200 -18.832950 456.965500 96.000733 -39.048924 456.994638
118.400100 -18.934060 457.099300 98.753340 -38.920972 457.272194
121.145900 -19.067990 457.258900 101.464798 -38.847441 457.565086
123.876500 -19.213790 457.448100 104.171877 -38.775897 457.885596
126.583800 -19.327170 457.666500 106.865384 -38.678185 458.245998
129.241600 -19.439610 457.972700 109.478268 -38.574923 458.686947
131.877300 -19.557700 458.360200 112.071236 -38.485172 459.253276
134.472300 -19.666740 458.810900 114.641753 -38.390126 459.841744
137.047800 -19.766740 459.328100 117.169072 -38.301320 460.485384
139.578900 -19.851940 459.909300 119.643519 -38.208795 461.167121
142.082300 -19.938990 460.548100 122.107366 -38.116067 461.952449
144.536100 -20.024080 461.240400 124.485828 -38.034836 462.776051
146.935100 -20.143070 462.035700 126.829988 -37.993726 463.708012
149.323900 -20.250380 462.890800 129.166171 -37.925643 464.664988
151.645200 -20.352850 463.789700 131.401567 -37.856973 465.662948
153.953700 -20.467870 464.746000 133.648328 -37.809783 466.739747
156.216300 -20.590440 465.719100 135.851051 -37.743167 467.822378
158.442000 -20.744160 466.755000 138.007438 -37.720601 468.970666
160.610800 -20.896150 467.844100 140.104375 -37.704509 470.137886
162.721500 -21.045960 468.976400 142.155107 -37.681167 471.349814
164.765200 -21.196820 470.136200 144.131038 -37.677870 472.649441
166.772400 -21.349130 471.335900 146.062143 -37.650152 473.962634
168.632200 -21.475040 472.526000 147.818104 -37.626743 475.253378
170.346500 -21.606380 473.697400 149.450067 -37.612170 476.520617
171.909300 -21.726680 474.797000 150.945881 -37.635590 477.709506
173.302800 -21.834330 475.783300 152.296031 -37.641987 478.764129
174.556500 -21.921650 476.625400 153.550872 -37.633759 479.656743
175.656700 -21.986350 477.273900 154.648845 -37.630268 480.375798
176.667400 -22.028750 477.791400 155.663369 -37.615829 480.931313
177.693700 -22.059460 478.199200 156.698904 -37.577904 481.416480
178.769200 -22.100400 478.445200 157.781794 -37.540146 481.739782
179.820200 -22.149060 478.560500 158.845581 -37.514018 481.913586
180.911200 -22.179270 478.531600 159.943352 -37.466833 481.940506
182.068600 -22.210250 478.323700 161.117103 -37.404029 481.784117
183.262200 -22.248150 477.935100 162.355613 -37.334104 481.442535
184.488300 -22.269810 477.285200 163.610414 -37.238571 480.837456
185.759400 -22.283460 476.306800 164.922266 -37.099665 479.875224
187.077400 -22.294470 475.006900 166.308377 -36.958546 478.646109
188.478700 -22.291920 473.464500 167.781060 -36.809957 477.194756
189.953700 -22.287480 471.703500 169.311160 -36.633442 475.520507
191.518900 -22.258420 469.725200 170.936231 -36.446072 473.658764
193.208300 -22.216210 467.608400 172.685281 -36.239728 471.634164
195.017400 -22.175890 465.320900 174.593931 -36.024903 469.419491
196.863700 -22.123060 462.933100 176.546794 -35.787904 467.107444
198.729100 -22.104340 460.522700 178.511730 -35.590251 464.802365
200.614200 -22.088820 458.121400 180.494066 -35.380894 462.528971
202.510500 -22.069150 455.730200 182.483605 -35.190495 460.269121
204.411000 -22.052930 453.358300 184.494315 -34.979934 457.996775
206.321800 -22.050890 451.001000 186.489949 -34.765542 455.738325
208.222000 -22.044850 448.665100 188.488801 -34.551567 453.502710
210.114400 -22.039500 446.337900 190.491332 -34.366760 451.293920
211.976500 -22.041870 444.014500 192.445545 -34.179582 449.086057
213.836200 -22.040230 441.706600 194.378892 -33.971883 446.929358
215.683700 -22.016790 439.420500 196.319913 -33.753519 444.758818
217.555600 -21.994670 437.143300 198.268916 -33.532453 442.617136
219.471300 -21.974230 434.824100 200.259109 -33.276583 440.399439
221.450500 -21.962270 432.447100 202.367598 -33.052744 438.128145
223.466700 -21.947180 430.017100 204.509878 -32.822220 435.778971
225.486700 -21.937880 427.604100 206.637972 -32.589902 433.406378
227.506500 -21.928590 425.191500 208.784657 -32.344219 431.053539
229.526100 -21.919300 422.779100 210.916157 -32.107448 428.749561
231.545400 -21.910010 420.367100 213.057458 -31.881511 426.471578
233.564400 -21.900720 417.955300 215.195815 -31.681225 424.227706
235.559300 -21.895330 415.588300 217.249887 -31.510572 422.039785
237.436800 -21.892420 413.389000 219.253045 -31.266279 419.941389
238.780200 -21.883720 411.507400 221.092248 -31.036511 417.972279
239.937800 -21.874710 409.690800 222.719979 -30.865473 416.134021
241.095100 -21.865800 407.877000 224.066316 -30.743366 414.418317
242.251200 -21.857020 406.068000 225.141850 -30.622546 412.771311
243.408000 -21.848370 404.262500 225.917359 -30.503121 411.100229
244.011000 -21.824440 402.484000 226.382529 -30.424265 409.362453
244.001400 -21.783470 400.839200 226.504700 -30.351459 407.704796
243.616800 -21.726140 399.284000 226.191538 -30.280642 406.048166
242.890100 -21.656240 397.828700 225.514315 -30.232511 404.519147
241.873600 -21.576710 396.462000 224.536643 -30.187478 403.101983
240.631500 -21.477670 395.201500 223.327635 -30.169845 401.783089
239.221600 -21.356820 394.033800 221.967735 -30.141353 400.524302
237.618600 -21.222620 392.957600 220.426711 -30.106863 399.342652
235.793400 -21.083240 391.994800 218.650863 -30.108711 398.307617
233.764600 -20.939530 391.138800 216.655752 -30.138421 397.368688
231.526900 -20.804010 390.407500 214.459762 -30.169690 396.537669
229.101900 -20.656200 389.773400 212.073986 -30.221570 395.754236
226.502900 -20.499910 389.204300 209.496640 -30.289716 395.028361
223.725900 -20.342600 388.759000 206.698813 -30.369076 394.435672
220.797800 -20.204940 388.372500 203.780613 -30.463840 393.874367
217.710700 -20.096840 387.983400 200.720486 -30.591162 393.303765
214.530600 -19.986780 387.607200 197.546169 -30.721830 392.770317
211.281800 -19.878030 387.245500 194.323200 -30.868166 392.230843
207.989900 -19.779880 386.906600 191.027344 -31.014049 391.712394
204.658000 -19.694660 386.595500 187.688114 -31.164948 391.229562
201.286800 -19.608620 386.304300 184.316041 -31.306054 390.760170
197.918900 -19.526700 386.031200 180.948691 -31.465986 390.312937
194.555800 -19.430160 385.786300 177.608708 -31.614313 389.889644
191.207200 -19.323680 385.554600 174.307527 -31.766124 389.517637
187.886200 -19.205220 385.358400 170.965456 -31.868518 389.143613
184.599200 -19.077000 385.187900 167.689723 -31.993975 388.785359
181.348200 -18.962220 385.028900 164.465735 -32.102461 388.414254
178.125300 -18.857060 384.880300 161.302078 -32.234454 388.048826
174.940200 -18.754040 384.732200 158.104193 -32.335412 387.712498
171.787000 -18.652100 384.605200 154.978582 -32.440248 387.392841
168.667500 -18.530100 384.479200 151.901636 -32.531227 387.067135
165.610000 -18.415740 384.375800 148.855220 -32.639793 386.781947
162.651900 -18.314330 384.300900 145.916078 -32.780946 386.515364
159.841600 -18.215430 384.253100 143.142819 -32.908202 386.281780
157.212800 -18.127400 384.244100 140.531328 -33.021828 386.098259
154.757500 -18.045940 384.238100 138.095607 -33.142320 385.918545
152.465500 -17.973570 384.177300 135.787941 -33.231351 385.693223
150.349500 -17.889450 384.033300 133.684290 -33.328251 385.402205
148.462800 -17.812610 383.774700 131.830680 -33.383588 385.036939
146.861800 -17.703180 383.342900 130.277104 -33.437860 384.503441
145.493000 -17.610470 382.652100 129.003176 -33.455639 383.759541
144.342900 -17.527520 381.710300 127.918847 -33.474707 382.757662
143.476000 -17.456020 380.548800 127.113807 -33.442892 381.518445
142.885900 -17.382120 379.215000 126.620242 -33.409697 380.149294
142.512900 -17.317650 377.743300 126.334022 -33.355373 378.645142
142.317800 -17.241390 376.136600 126.230544 -33.267410 377.015144
142.188100 -17.179080 374.395800 126.171016 -33.191863 375.272961
142.147200 -17.101880 372.567400 126.217961 -33.096165 373.443687
142.122900 -17.021050 370.607400 126.293056 -33.003149 371.503775
142.117600 -16.946310 368.494900 126.402437 -32.924224 369.410710
142.130800 -16.868160 366.233800 126.530216 -32.840989 367.152380
142.204400 -16.793860 363.814600 126.733935 -32.735321 364.748432
142.299400 -16.722690 361.231000 126.976392 -32.641443 362.185039
142.415300 -16.642020 358.474700 127.228422 -32.523242 359.464703
142.582500 -16.545470 355.558100 127.577388 -32.394196 356.567652
142.739700 -16.442040 352.539000 127.908416 -32.230872 353.576580
142.891900 -16.363260 349.439100 128.231417 -32.099086 350.539013
143.064500 -16.287150 346.281300 128.569383 -31.970165 347.394428
143.227100 -16.219070 343.091000 128.904719 -31.847528 344.223503
143.425200 -16.159170 339.887400 129.305688 -31.748616 341.043086
143.616200 -16.092500 336.700500 129.670639 -31.634609 337.853000
143.795900 -16.013950 333.502200 130.032168 -31.507605 334.656886
144.005700 -15.919010 330.337500 130.429763 -31.373562 331.525139
144.230000 -15.802460 327.130600 130.793422 -31.237241 328.326870
144.419100 -15.688030 323.896200 131.134619 -31.094235 325.113279
144.587400 -15.583650 320.591100 131.461947 -30.925709 321.864452
144.754600 -15.473250 317.239000 131.788838 -30.750095 318.563054
144.941900 -15.379600 313.833000 132.168441 -30.608561 315.188441
145.157300 -15.273970 310.363000 132.513304 -30.452585 311.777166
145.368500 -15.139710 306.861100 132.842642 -30.249074 308.310942
145.569800 -15.010090 303.322100 133.221994 -30.075549 304.797428
145.779600 -14.891010 299.781500 133.601921 -29.933010 301.283635
145.995800 -14.790970 296.224300 133.957954 -29.778140 297.764691
146.232800 -14.697490 292.723700 134.333669 -29.634386 294.340594
146.466500 -14.637790 289.221500 134.745574 -29.513097 290.866293
146.685200 -14.543960 285.746000 135.143688 -29.350336 287.418032
146.893800 -14.441820 282.281200 135.508394 -29.182815 284.002523
147.103700 -14.371770 278.834100 135.884441 -29.044361 280.550898
147.309200 -14.269400 275.380000 136.287261 -28.864187 277.109384
147.469000 -14.143420 272.014900 136.615946 -28.717574 273.782848
147.644100 -14.065340 268.640500 136.953833 -28.567067 270.420502
147.828000 -13.942390 265.287400 137.305927 -28.372676 267.111471
148.018700 -13.811430 262.011300 137.658535 -28.153105 263.863201
148.191600 -13.733190 258.776500 137.972088 -28.001893 260.699209
148.362500 -13.646570 255.568000 138.281752 -27.881376 257.483449
148.542700 -13.528810 252.484800 138.613401 -27.714180 254.372921
148.699400 -13.447860 249.530100 138.918794 -27.592056 251.408880
148.855100 -13.379980 246.697000 139.237978 -27.482106 248.665316
149.012000 -13.334830 244.059600 139.548206 -27.384572 246.075610
149.177500 -13.311840 241.565300 139.839116 -27.289962 243.611197
149.354100 -13.287840 239.240800 140.142103 -27.196116 241.300450
149.518500 -13.255140 237.141100 140.423650 -27.091758 239.216407
149.688400 -13.224700 235.241100 140.701484 -27.013278 237.345078
149.831600 -13.190320 233.536700 140.935586 -26.932114 235.639977
149.906300 -13.149230 232.004900 141.108353 -26.852222 234.098037
149.838700 -13.102360 230.619900 141.134268 -26.774942 232.700670
149.635100 -13.067550 229.344100 140.999159 -26.737985 231.378193
149.241300 -13.014460 228.150200 140.652929 -26.691981 230.124610
148.716100 -12.968010 227.039600 140.177363 -26.647282 228.961962
148.000700 -12.895130 226.008200 139.529843 -26.581944 227.877003
147.075700 -12.821670 225.048900 138.658102 -26.550713 226.830952
145.937600 -12.723410 224.217300 137.580240 -26.514212 225.883184
144.564400 -12.632820 223.496400 136.284107 -26.498535 225.077930
143.010800 -12.527420 222.963900 134.767954 -26.466720 224.446405
141.316600 -12.442050 222.568700 133.117673 -26.459038 223.942690
139.454500 -12.345700 222.334500 131.313724 -26.451982 223.586045
137.425000 -12.266010 222.166300 129.361456 -26.477000 223.288982
135.205500 -12.168210 222.050100 127.211580 -26.476057 223.020100
132.804000 -12.059400 221.961500 124.874400 -26.490063 222.773040
130.267400 -11.990760 221.919300 122.310950 -26.523542 222.558945
127.508700 -11.906380 221.882500 119.543618 -26.561072 222.313370
124.622700 -11.785370 221.854300 116.671028 -26.581914 222.060867
121.664000 -11.694070 221.830100 113.727803 -26.606677 221.785395
118.657200 -11.596090 221.763300 110.773820 -26.674802 221.494487
115.641600 -11.470920 221.685500 107.814540 -26.699871 221.148219
112.627300 -11.363890 221.570300 104.794942 -26.739184 220.825112
109.673500 -11.257460 221.356100 101.820876 -26.753263 220.461449
106.754900 -11.175850 221.166500 98.924678 -26.796201 220.145799
103.815900 -11.102410 220.977200 96.006427 -26.840667 219.779546
100.933900 -11.012960 220.822800 93.178168 -26.897417 219.451620
98.075460 -10.939030 220.656000 90.346772 -26.938802 219.138625
95.253020 -10.840180 220.487500 87.566031 -26.951717 218.795327
92.486910 -10.725140 220.344500 84.826384 -26.996902 218.459515
89.875370 -10.616990 220.223200 82.241681 -26.998787 218.129029
87.458400 -10.515040 220.103100 79.837770 -27.022782 217.808664
85.308900 -10.443710 219.940400 77.644943 -27.028266 217.592376
83.404740 -10.360950 219.814900 75.703854 -27.057355 217.425283
81.811460 -10.304730 219.719400 74.064919 -27.057176 217.288014
80.386560 -10.262640 219.682400 72.607223 -27.059618 217.229734
79.003730 -10.220170 219.767200 71.192652 -27.101051 217.206198
77.660700 -10.167120 220.007600 69.833665 -27.112357 217.325016
76.371580 -10.108980 220.406400 68.496631 -27.165927 217.552885
75.155860 -10.027860 220.960300 67.238558 -27.181944 217.991351
74.011040 -9.980201 221.726500 66.042233 -27.213342 218.702043
72.923470 -9.946438 222.715600 64.873326 -27.242998 219.596506
71.978870 -9.923860 223.872400 63.855964 -27.283689 220.676163
71.184520 -9.986514 225.266700 63.051125 -27.342502 221.932383
70.559680 -10.052300 226.755300 62.386121 -27.421273 223.304844
70.106430 -10.092990 228.212400 61.869987 -27.487096 224.759034
69.780350 -10.143030 229.717400 61.486525 -27.559584 226.253431
69.611080 -10.196530 231.273600 61.256571 -27.630356 227.780845
69.507330 -10.252720 232.885000 61.081240 -27.696708 229.355472
69.413710 -10.307730 234.508900 60.911973 -27.781344 230.951718
69.343880 -10.343210 236.144900 60.762802 -27.840733 232.549168
69.165330 -10.388070 237.775100 60.526832 -27.916661 234.126950
68.850580 -10.431380 239.377200 60.146333 -27.994394 235.656127
68.411010 -10.413700 240.827300 59.636516 -28.095998 237.041842
67.727420 -10.290060 242.111200 58.869790 -28.183488 238.253730
66.803100 -10.153670 243.182900 57.899037 -28.253798 239.324217
65.701790 -10.033790 244.107800 56.729714 -28.256398 240.232392
64.448250 -9.923632 244.782200 55.456548 -28.283269 240.814185
63.080800 -9.798650 245.260000 53.999962 -28.286488 241.255806
61.580750 -9.695895 245.474700 52.451396 -28.268603 241.396766
60.021940 -9.593959 245.545100 50.878896 -28.253928 241.397373
58.373630 -9.496583 245.501300 49.219139 -28.236825 241.235594
56.557790 -9.402285 245.387700 47.415537 -28.234505 241.096854
54.575700 -9.285086 245.267600 45.446303 -28.238977 240.925361
52.422320 -9.177032 245.171900 43.299579 -28.257124 240.775017
50.087930 -9.057067 245.081900 40.969938 -28.272536 240.548359
47.581640 -8.929268 245.008900 38.522638 -28.291192 240.351331
44.918970 -8.803572 244.937600 35.877053 -28.300365 240.095384
42.122820 -8.671159 244.817200 33.035363 -28.308911 239.825285
39.164720 -8.559737 244.672400 30.066389 -28.315661 239.525555
36.057060 -8.397715 244.510700 26.977245 -28.321489 239.205332
32.840100 -8.240889 244.318200 23.773932 -28.325909 238.843741
29.595440 -8.086906 244.119000 20.527854 -28.349906 238.461022
26.356030 -7.929510 243.938500 17.309513 -28.390974 238.120388
23.136280 -7.757005 243.778100 14.105560 -28.404846 237.821968
19.923890 -7.612126 243.574600 10.913473 -28.442096 237.497524
16.771670 -7.476025 243.333700 7.762164 -28.467309 237.095089
13.661940 -7.392199 243.082500 4.663201 -28.508280 236.683936
10.666390 -7.304335 242.818300 1.681922 -28.507056 236.294391
7.814747 -7.229902 242.555200 -1.146702 -28.523012 235.923027
5.139292 -7.146637 242.325200 -3.817416 -28.524529 235.579089
2.679849 -7.089124 242.118700 -6.288245 -28.541482 235.274373
0.450309 -7.034578 241.930700 -8.492861 -28.568111 234.961228
-1.528966 -6.964258 241.776000 -10.494810 -28.575428 234.725206
-3.228819 -6.897384 241.670700 -12.192957 -28.584468 234.536902
-4.618300 -6.851022 241.633500 -13.589655 -28.594999 234.440593
-5.727634 -6.828673 241.635600 -14.735037 -28.602359 234.403262
-6.594910 -6.821755 241.676300 -15.611280 -28.623223 234.405329
-7.316062 -6.803870 241.736500 -16.335567 -28.643635 234.433322
-7.999830 -6.777323 241.824600 -17.033348 -28.666935 234.511463
-8.668434 -6.750084 241.971800 -17.706778 -28.693680 234.629343
-9.310473 -6.737931 242.159800 -18.355462 -28.729327 234.787098
-10.040280 -6.717894 242.489600 -19.088799 -28.762129 235.059427
-10.900630 -6.698509 242.986700 -19.960753 -28.801181 235.491511
-11.788840 -6.688949 243.696900 -20.875677 -28.837279 236.137068
-12.605680 -6.684619 244.629900 -21.737045 -28.883585 237.023791
-13.325190 -6.676025 245.805400 -22.517599 -28.915110 238.186013
-13.876090 -6.693307 247.212100 -23.162190 -28.969886 239.641221
-14.262280 -6.709090 248.903900 -23.634210 -29.024906 241.349431
-14.456720 -6.746994 250.843200 -23.883307 -29.094562 243.286041
-14.534350 -6.795428 252.994100 -24.040394 -29.159125 245.437224
-14.597030 -6.852364 255.350200 -24.196428 -29.217171 247.762204
-14.667090 -6.918247 257.910700 -24.392225 -29.292869 250.294826
-14.735990 -6.981897 260.649600 -24.599527 -29.371909 253.025082
-14.849520 -7.051911 263.575900 -24.829670 -29.494150 255.945666
-14.957480 -7.110536 266.729800 -25.078109 -29.608950 259.085567
-15.059630 -7.166925 270.015600 -25.361793 -29.717699 262.345791
-15.182710 -7.258803 273.477200 -25.698006 -29.852317 265.758856
-15.303150 -7.309677 277.021400 -26.030779 -29.976393 269.235596
-15.440230 -7.394637 280.658500 -26.367079 -30.082177 272.811190
-15.590580 -7.489167 284.351600 -26.714431 -30.237463 276.428195
-15.764490 -7.603002 288.068200 -27.093501 -30.406918 280.106166
-15.946800 -7.707939 291.811700 -27.476971 -30.565171 283.837788
-16.099940 -7.813183 295.543400 -27.859881 -30.702946 287.584803
-16.260060 -7.954308 299.308400 -28.243474 -30.852679 291.347547
-16.425310 -8.077115 303.105800 -28.607521 -31.013352 295.124112
-16.590140 -8.181496 306.893300 -28.961415 -31.132930 298.889706
-16.756680 -8.315321 310.705900 -29.281933 -31.283903 302.645014
-16.910250 -8.422400 314.536100 -29.648766 -31.434996 306.467323
-17.062160 -8.514715 318.371600 -30.009182 -31.555946 310.248221
-17.211700 -8.606204 322.183300 -30.382186 -31.713193 314.039036
-17.359600 -8.713173 325.995800 -30.783695 -31.870375 317.924392
-17.503240 -8.787718 329.777900 -31.131136 -31.984582 321.713868
-17.652950 -8.873266 333.537700 -31.474684 -32.111082 325.394475
-17.803470 -8.954791 337.274400 -31.869870 -32.221803 329.104229
-17.965510 -9.049782 340.928300 -32.226875 -32.364427 332.718329
-18.139020 -9.160291 344.467400 -32.538772 -32.507903 336.194941
-18.309560 -9.247842 347.827300 -32.881654 -32.602589 339.559117
-18.498430 -9.351679 351.069300 -33.240843 -32.713774 342.789149
-18.657830 -9.450543 354.177800 -33.575180 -32.844313 345.899458
-18.779270 -9.547960 357.113600 -33.815449 -32.947994 348.829516
-18.870160 -9.638001 359.864000 -34.039006 -33.061744 351.563261
-18.946200 -9.710378 362.402300 -34.242093 -33.162582 354.070702
-18.990920 -9.761579 364.711200 -34.414792 -33.244008 356.344438
-19.050610 -9.812531 366.784400 -34.548609 -33.335382 358.369609
-19.150770 -9.861440 368.599600 -34.743385 -33.417853 360.139976
-19.288630 -9.917890 370.232600 -35.003094 -33.497467 361.718355
-19.600770 -9.956625 371.746300 -35.396128 -33.560970 363.180229
-20.181060 -9.992426 373.134000 -36.022656 -33.608482 364.505831
-21.046240 -10.002550 374.352900 -36.873633 -33.656332 365.617410
-22.127780 -9.981493 375.353800 -37.972623 -33.692713 366.532668
-23.457040 -9.928836 376.098400 -39.301621 -33.693755 367.213692
-24.934490 -9.871383 376.556700 -40.820432 -33.740147 367.602694
-26.555040 -9.788800 376.670400 -42.478681 -33.740575 367.585649
-28.276760 -9.756490 376.521700 -44.226458 -33.782347 367.324709
-30.056280 -9.682160 376.231600 -45.995878 -33.799769 366.929793
-31.975970 -9.615390 375.881500 -47.884973 -33.833687 366.509060
-34.041570 -9.532153 375.538800 -49.910400 -33.865198 366.087949
-36.312400 -9.484900 375.174700 -52.185409 -33.916962 365.623663
-38.740670 -9.419001 374.815500 -54.585834 -33.985860 365.143763
-41.349510 -9.336701 374.513500 -57.161032 -34.056841 364.703143
-44.097790 -9.243094 374.260800 -59.900125 -34.102801 364.353356
-47.011360 -9.119413 374.040700 -62.807005 -34.156670 364.008827
-50.040150 -8.976937 373.823900 -65.801781 -34.191186 363.645916
-53.185680 -8.832441 373.618900 -68.917426 -34.259743 363.298701
-56.406270 -8.699294 373.421900 -72.109218 -34.326891 362.979606
-59.653410 -8.582225 373.251300 -75.359152 -34.376269 362.661105
-62.943060 -8.464322 373.083600 -78.624730 -34.429190 362.330335
-66.219570 -8.326584 372.909300 -81.905896 -34.477888 361.996831
-69.486870 -8.202328 372.732000 -85.199892 -34.547742 361.631708
-72.726120 -8.074099 372.532900 -88.433534 -34.599798 361.272841
-75.949990 -7.958251 372.348800 -91.646497 -34.639723 360.932980
-79.132360 -7.845224 372.198800 -94.860195 -34.693689 360.602611
-82.276670 -7.738710 372.085900 -98.015339 -34.753834 360.296320
-85.318380 -7.620704 372.021300 -101.033286 -34.789724 360.069394
-88.202870 -7.515820 371.999200 -103.908970 -34.809783 359.874309
-90.927450 -7.429303 371.989600 -106.678070 -34.874016 359.739322
-93.555550 -7.337048 371.974900 -109.335851 -34.921673 359.577877
-96.169310 -7.227268 371.894100 -111.945433 -34.963251 359.361266
-98.735200 -7.136757 371.699400 -114.501776 -35.001835 359.041175
-101.335900 -7.068917 371.405700 -117.083485 -35.076439 358.610055
-104.006100 -7.012862 371.090100 -119.729847 -35.130461 358.154055
-106.771100 -6.945607 370.792200 -122.458510 -35.174820 357.710970
-109.682200 -6.817108 370.477800 -125.316157 -35.174132 357.262316
-112.739100 -6.673776 370.228500 -128.309246 -35.162024 356.853687
-115.931600 -6.529774 370.036400 -131.486310 -35.187035 356.483574
-119.286600 -6.410174 369.828600 -134.773536 -35.241983 356.124136
-122.729500 -6.313111 369.724600 -138.195652 -35.319070 355.848797
-126.288700 -6.203627 369.671200 -141.768976 -35.387728 355.615796
-129.839700 -6.090263 369.662300 -145.321027 -35.462561 355.428769
-133.385600 -5.970026 369.650900 -148.880743 -35.512451 355.227290
-136.894400 -5.879570 369.634000 -152.353524 -35.579498 354.999756
-140.398100 -5.784160 369.514400 -155.791911 -35.636462 354.718096
-143.862100 -5.687958 369.340500 -159.214857 -35.694196 354.360450
-147.327600 -5.563013 369.166400 -162.667484 -35.730683 354.014245
-150.737000 -5.432874 368.971100 -166.069172 -35.787829 353.678927
-154.158600 -5.306809 368.781900 -169.476860 -35.850057 353.343019
-157.533900 -5.161697 368.539100 -172.829287 -35.857642 352.945100
-160.863100 -5.037247 368.281900 -176.123799 -35.907387 352.515076
-164.185700 -4.907712 368.025000 -179.400242 -35.940492 352.132704
-167.432800 -4.772560 367.748600 -182.616727 -35.962713 351.710438
-170.642400 -4.656983 367.488400 -185.832341 -35.993117 351.322794
-173.841400 -4.561133 367.227100 -188.988238 -36.025965 350.931223
-177.023700 -4.457455 366.951400 -192.119707 -36.084559 350.522064
-180.244500 -4.366461 366.730400 -195.309004 -36.143042 350.158297
-183.473900 -4.281270 366.580900 -198.500723 -36.191614 349.867300
-186.744800 -4.199807 366.472000 -201.761851 -36.260178 349.597161
-190.033500 -4.091253 366.367300 -205.036499 -36.301798 349.339827
-193.355400 -3.977329 366.250500 -208.356078 -36.325296 349.042631
-196.716900 -3.857159 366.188600 -211.697137 -36.356851 348.817229
-200.121200 -3.728399 366.182600 -215.141684 -36.374457 348.647156
-203.540500 -3.588992 366.199800 -218.598028 -36.383564 348.477403
-206.952700 -3.446857 366.227500 -222.005959 -36.402072 348.331587
-210.347900 -3.315181 366.285500 -225.381214 -36.453852 348.163526
-213.706200 -3.189682 366.365900 -228.740950 -36.489399 348.082962
-217.009500 -3.061988 366.481900 -232.065179 -36.515559 348.014240
-220.179700 -2.943384 366.654500 -235.229667 -36.548781 348.025071
-223.191200 -2.852383 366.879000 -238.248883 -36.590274 348.104776
-226.097000 -2.764003 367.114900 -241.199539 -36.610979 348.176958
-228.814800 -2.682417 367.345400 -243.929584 -36.637059 348.248299
-231.386300 -2.607196 367.584000 -246.496225 -36.678016 348.326892
-233.712600 -2.531497 367.887700 -248.833913 -36.689165 348.500676
-235.782000 -2.474425 368.275800 -250.922025 -36.710160 348.776668
-237.675400 -2.445853 368.737900 -252.834801 -36.743363 349.156203
-239.369400 -2.403606 369.206200 -254.519098 -36.762319 349.513624
-240.923900 -2.371763 369.617600 -256.066457 -36.785717 349.824712
-242.343700 -2.356458 369.946600 -257.512882 -36.811470 350.073544
-243.617800 -2.342781 370.200700 -258.818688 -36.810264 350.267012
-244.859400 -2.330489 370.340600 -260.052041 -36.817540 350.338171
-246.077300 -2.300412 370.391700 -261.244347 -36.835687 350.310273
-247.267700 -2.260463 370.379800 -262.440601 -36.857136 350.228132
-248.493500 -2.218646 370.333700 -263.662801 -36.870791 350.129166
-249.783700 -2.176850 370.306600 -264.943953 -36.880518 350.010700
-251.078800 -2.130858 370.299200 -266.256608 -36.902347 349.924418
-252.358200 -2.084785 370.349900 -267.541522 -36.938666 349.861263
-253.632100 -2.035602 370.436500 -268.820389 -36.934903 349.891677
-254.850600 -1.999342 370.581800 -270.055043 -36.954995 349.979742
-255.940600 -1.953994 370.729900 -271.158650 -36.968354 350.080788
-256.915700 -1.922542 370.895600 -272.128915 -36.979144 350.202162
-257.880300 -1.899168 371.026600 -273.089580 -37.008545 350.290601
-258.825300 -1.868641 371.074700 -274.017483 -37.021081 350.311639
-259.790200 -1.842268 371.036700 -274.961573 -37.029821 350.259137
-260.853800 -1.795956 370.865000 -275.991584 -37.018029 350.042111
-261.981300 -1.738415 370.525600 -277.079676 -37.026434 349.621633
-263.149900 -1.669085 369.955400 -278.212016 -37.026090 348.980761
-264.334300 -1.601451 369.128800 -279.350712 -37.047489 348.087119
-265.453200 -1.522155 367.983800 -280.450902 -37.080755 346.891073
-266.451000 -1.440143 366.525200 -281.377695 -37.076525 345.359532
-267.251800 -1.337219 364.723800 -282.162429 -37.061758 343.545128
-267.949500 -1.230084 362.709300 -282.730449 -37.042965 341.493995
-268.506500 -1.125956 360.485200 -283.169603 -36.999809 339.279551
-268.941500 -1.030964 358.026800 -283.464008 -36.991028 336.859688
-269.220400 -0.933467 355.348600 -283.591587 -36.964020 334.209850
-269.448800 -0.834774 352.477300 -283.700385 -36.941350 331.366771
-269.718000 -0.743207 349.407100 -283.825691 -36.917686 328.313948
-269.985700 -0.639619 346.177700 -283.913181 -36.899385 325.093549
-270.257600 -0.532915 342.841000 -283.969610 -36.874857 321.712989
-270.518100 -0.424172 339.408900 -284.063124 -36.834008 318.322681
-270.754500 -0.293336 335.850800 -284.128041 -36.809278 314.809055
-270.955500 -0.148987 332.279200 -284.128108 -36.728784 311.196578
-271.100700 -0.080590 328.699800 -284.068219 -36.744686 307.625025
-271.205200 0.033101 325.126400 -283.988587 -36.723970 304.059662
-271.267700 0.152070 321.587300 -283.853594 -36.689568 300.570767
-271.275200 0.266456 318.070500 -283.671429 -36.660072 297.095970
-271.222900 0.387316 314.582000 -283.460934 -36.609118 293.582592
-271.120000 0.503802 311.120600 -283.185590 -36.577466 290.136042
-270.978000 0.607376 307.683800 -282.841440 -36.550318 286.663557
-270.782700 0.711490 304.265600 -282.443545 -36.518000 283.255479
-270.528600 0.815204 300.853100 -282.028474 -36.473258 279.884258
-270.242000 0.911377 297.429400 -281.553805 -36.456493 276.538698
-269.919600 1.000896 293.989900 -281.040258 -36.437895 273.152954
-269.545200 1.077503 290.528500 -280.488775 -36.429319 269.748258
-269.141700 1.153037 287.042100 -279.931021 -36.392323 266.292759
-268.688300 1.237435 283.528200 -279.318085 -36.382079 262.847704
-268.188900 1.326161 279.998100 -278.677462 -36.337882 259.362105
-267.644900 1.407297 276.438400 -277.982210 -36.320275 255.845832
-267.060700 1.488638 272.864800 -277.210478 -36.289453 252.336016
-266.415600 1.572240 269.267600 -276.401743 -36.294879 248.776325
-265.703700 1.663368 265.659900 -275.530224 -36.246020 245.241807
-264.933700 1.742552 262.028500 -274.540985 -36.192566 241.705233
-264.083600 1.816046 258.356100 -273.516135 -36.147703 238.166923
-263.198600 1.889323 254.694500 -272.468655 -36.105509 234.634517
-262.249500 1.955211 251.044300 -271.393570 -36.056296 231.138604
-261.237300 2.029564 247.429800 -270.246036 -36.011230 227.623469
-260.189300 2.089988 243.839800 -269.033655 -35.998475 224.107311
-259.094000 2.156640 240.246100 -267.780163 -35.965593 220.661778
-257.955600 2.227076 236.666200 -266.522656 -35.923413 217.228367
-256.772700 2.283581 233.104800 -265.220773 -35.923565 213.800781
-255.531300 2.344781 229.548500 -263.868749 -35.902652 210.333260
-254.248400 2.411210 226.028100 -262.447033 -35.844901 206.851410
-252.919100 2.455450 222.544000 -260.967452 -35.836856 203.433893
-251.574800 2.508039 219.079600 -259.499910 -35.812059 200.058681
-250.208800 2.567341 215.633800 -257.976851 -35.800765 196.728850
-248.823500 2.629771 212.212300 -256.466519 -35.767028 193.409049
-247.396200 2.684589 208.816100 -254.904968 -35.749036 190.079105
-245.924600 2.741308 205.438400 -253.326151 -35.717764 186.770880
-244.407500 2.791578 202.096000 -251.685237 -35.693835 183.479454
-242.864900 2.835793 198.761700 -250.012702 -35.665127 180.212481
-241.279000 2.895059 195.474400 -248.285670 -35.630336 176.982664
-239.649300 2.952041 192.235800 -246.528015 -35.605882 173.759296
-237.983200 2.999715 189.035400 -244.739715 -35.593396 170.592324
-236.298900 3.056255 185.858800 -242.942786 -35.561041 167.520334
-234.588400 3.108160 182.702700 -241.109186 -35.503919 164.477921
-232.835600 3.172514 179.589900 -239.265136 -35.475013 161.450867
-231.009300 3.225534 176.491000 -237.270976 -35.430186 158.287081
-229.111700 3.160404 173.245900 -235.292146 -35.407232 155.346367
-227.176300 3.108331 170.021800 -233.282526 -35.381407 152.366096
-225.177100 3.078616 166.838100 -231.187992 -35.363581 149.358489
-223.121100 3.059714 163.678300 -229.031433 -35.350572 146.364853
-221.021800 3.035788 160.583500 -226.867996 -35.324536 143.447236
-218.906700 3.020274 157.528200 -224.675735 -35.299972 140.547932
-216.758300 3.014110 154.516100 -222.443115 -35.244722 137.703140
-214.598900 3.012023 151.542200 -220.194778 -35.224502 134.827830
-212.419400 2.988454 148.613400 -217.921173 -35.214430 132.007713
-210.228200 2.984566 145.723000 -215.642719 -35.184413 129.200780
-207.984500 2.989498 142.875200 -213.260673 -35.126024 126.428879
-205.709300 3.009769 140.044600 -210.897915 -35.079212 123.697332
-203.367700 3.036529 137.252600 -208.494892 -35.003351 121.051256
-200.986900 3.051527 134.476000 -206.011112 -34.944835 118.357834
-198.545200 3.059230 131.709700 -203.472044 -34.910386 115.692443
-196.059300 3.066053 128.939500 -200.883041 -34.852386 113.026587
-193.510200 3.060761 126.196800 -198.218309 -34.832988 110.372652
-190.897300 3.035985 123.468900 -195.466080 -34.811231 107.775671
-188.227400 3.024492 120.762000 -192.714931 -34.781591 105.183742
-185.497000 3.022723 118.076800 -189.899500 -34.763906 102.616577
-182.724000 3.010089 115.414700 -187.023186 -34.734127 100.060196
-179.874900 2.993221 112.756200 -184.040832 -34.688264 97.495746
-176.963500 2.987661 110.129700 -181.067952 -34.688447 94.993777
-174.022700 2.968000 107.478800 -178.034034 -34.645622 92.497333
-171.062700 2.940399 104.830200 -174.980404 -34.601888 89.999795
-168.072200 2.915289 102.205400 -171.938554 -34.586147 87.556392
-165.063500 2.900265 99.572080 -168.872674 -34.540852 85.083583
-162.094200 2.901447 96.925240 -165.820099 -34.475187 82.577611
-159.158100 2.894591 94.245620 -162.796145 -34.430067 80.048735
-156.222000 2.880710 91.591220 -159.757338 -34.384264 77.563792
-153.302600 2.863059 88.949020 -156.777854 -34.364262 75.087690
-150.415700 2.824285 86.290970 -153.795104 -34.338297 72.568529
-147.525700 2.776141 83.616700 -150.820394 -34.314125 70.031985
-144.616800 2.733728 80.967880 -147.812353 -34.275836 67.542989
-141.680000 2.712409 78.334030 -144.772755 -34.270758 65.086925
-138.744900 2.704225 75.701910 -141.838748 -34.246446 62.608192
-135.803000 2.688508 73.066790 -138.854860 -34.224753 60.132081
-132.863800 2.660835 70.434610 -135.843203 -34.210005 57.668998
-129.933000 2.606906 67.796650 -132.838540 -34.190887 55.192935
-127.009300 2.561805 65.165490 -129.837695 -34.162920 52.711902
-124.094300 2.541933 62.565200 -126.858782 -34.129814 50.286559
-121.185800 2.518958 59.961850 -123.828394 -34.117650 47.809264
-118.275800 2.497254 57.358150 -120.853294 -34.108795 45.383871
-115.383500 2.478395 54.746480 -117.876043 -34.058861 42.978463
-112.487100 2.444569 52.132910 -114.923785 -34.041808 40.518274
-109.563100 2.425984 49.507800 -111.940989 -34.004190 38.031762
-106.649400 2.414926 46.882310 -108.900742 -33.946336 35.536222
-103.717200 2.402926 44.240620 -105.801035 -33.890965 33.027837
-100.776700 2.330149 41.607720 -102.719762 -33.865924 30.568929
-97.815960 2.258319 38.955960 -99.620253 -33.819255 28.060289
-94.863170 2.180517 36.299440 -96.569896 -33.809655 25.581314
-91.884440 2.116878 33.643060 -93.468289 -33.783465 23.116852
-88.909720 2.081807 30.989760 -90.376388 -33.730359 20.613940
-85.917480 2.035368 28.322680 -87.286480 -33.724456 18.154182
-82.929050 1.999986 25.668410 -84.174848 -33.648774 15.719020
-79.941980 1.961549 23.038030 -81.117626 -33.632702 13.254654
-76.962720 1.932076 20.421650 -78.050974 -33.599051 10.797272
-74.007520 1.912210 17.823510 -75.032772 -33.567502 8.432293
-71.092400 1.898035 15.226900 -72.064640 -33.512251 6.016745
-68.209240 1.876891 12.634500 -69.058814 -33.458809 3.557555
-65.354250 1.869446 10.051970 -66.111952 -33.401364 1.124891
-62.542350 1.842782 7.481356 -63.179018 -33.385788 -1.300518
-59.754040 1.812094 4.927046 -60.265695 -33.365606 -3.736934
-57.009180 1.785299 2.422195 -57.429366 -33.313185 -6.096059
-54.340090 1.766582 0.009828 -54.684212 -33.276262 -8.363930
-51.766990 1.747753 -2.296378 -52.038662 -33.236378 -10.501825
-49.260900 1.727906 -4.526641 -49.442466 -33.202215 -12.608766
-46.853800 1.699326 -6.677798 -46.948668 -33.183606 -14.647367
-44.569730 1.669438 -8.685225 -44.588930 -33.190639 -16.536667
-42.404320 1.633933 -10.528340 -42.336577 -33.176527 -18.298932
-40.364200 1.603231 -12.198710 -40.182978 -33.150549 -19.950840
-38.389800 1.572992 -13.695430 -38.152697 -33.127583 -21.345518
-36.423220 1.527558 -15.003710 -36.147437 -33.140997 -22.559020
-34.423200 1.471252 -16.097900 -34.090658 -33.126590 -23.533656
-32.364650 1.409914 -16.913830 -31.992339 -33.130128 -24.273386
-30.265120 1.342013 -17.411740 -29.905505 -33.164652 -24.675700
-28.163420 1.277820 -17.604910 -27.828135 -33.183022 -24.772390
-26.110560 1.204420 -17.459960 -25.783354 -33.181145 -24.528181
-24.143360 1.134314 -16.987220 -23.837457 -33.178036 -23.965765
-22.296980 1.047658 -16.217800 -22.015454 -33.208867 -23.139188
-20.604650 0.960390 -15.231400 -20.325078 -33.209094 -22.106111
-19.008910 0.864318 -14.153640 -18.725205 -33.254135 -20.978811
-17.427180 0.754351 -13.090130 -17.175296 -33.295065 -19.827692
-15.874640 0.648227 -12.069320 -15.603009 -33.322569 -18.649136
-14.363580 0.553944 -11.106930 -14.118888 -33.359261 -17.651180
-12.922670 0.464518 -10.242620 -12.718128 -33.401422 -16.706195
-11.574780 0.380144 -9.466819 -11.389123 -33.463030 -15.877349
-10.317910 0.296912 -8.788752 -10.146574 -33.513709 -15.135981
-9.188230 0.221758 -8.193104 -9.052262 -33.538219 -14.499915
-8.211014 0.157451 -7.716742 -8.075114 -33.570281 -13.963329
-7.426664 0.104339 -7.335419 -7.303494 -33.602405 -13.537847
-6.732949 0.055364 -7.004384 -6.633654 -33.629647 -13.173358
-6.081177 0.022889 -6.624412 -5.974673 -33.639900 -12.769882
-5.489078 -0.021954 -6.233971 -5.356220 -33.646014 -12.337479
-4.934984 -0.064307 -5.802268 -4.801495 -33.670118 -11.887783
-4.339961 -0.113360 -5.285216 -4.223820 -33.689861 -11.352661
-3.697865 -0.180218 -4.592905 -3.601259 -33.720696 -10.630929
-3.037676 -0.246390 -3.769289 -2.949512 -33.755759 -9.788557
-2.408137 -0.314226 -2.790908 -2.342861 -33.776381 -8.789798
-1.801721 -0.371070 -1.625169 -1.777377 -33.791671 -7.606566
-1.269630 -0.428830 -0.215074 -1.296736 -33.821355 -6.192266
-0.812186 -0.486960 1.417145 -0.909240 -33.862357 -4.568935
-0.577413 -0.527656 3.304554 -0.709581 -33.891232 -2.736846
-0.470925 -0.576064 5.426109 -0.657175 -33.930820 -0.683857
-0.476637 -0.627645 7.694492 -0.760039 -33.993966 1.538010
-0.570738 -0.675743 10.119870 -0.939118 -34.065904 3.915735
-0.648451 -0.726471 12.686750 -1.102353 -34.118359 6.452985
-0.748385 -0.806604 15.378500 -1.305189 -34.199349 9.134527
-0.860824 -0.914719 18.191740 -1.531592 -34.295490 11.942472
-0.998219 -1.029351 21.084400 -1.761931 -34.376985 14.847953
-1.176238 -1.135143 24.100490 -2.068683 -34.462071 17.845860
-1.395968 -1.222323 27.224660 -2.383572 -34.546897 20.911831
-1.640741 -1.315662 30.420880 -2.742953 -34.615992 24.070568
-1.879320 -1.407888 33.664680 -3.101727 -34.698354 27.305181
-2.150183 -1.530548 36.923590 -3.498966 -34.795559 30.565634
-2.397389 -1.638706 40.249040 -3.882982 -34.875707 33.896387
-2.638864 -1.730020 43.594280 -4.260560 -34.953950 37.254170
-2.848280 -1.840111 46.962570 -4.656355 -35.028148 40.651362
-3.041372 -1.951517 50.356970 -4.986371 -35.117757 44.087281
-3.212653 -2.065955 53.820380 -5.292338 -35.215700 47.539023
-3.380992 -2.170759 57.307360 -5.644699 -35.307244 51.024467
-3.567609 -2.260389 60.834770 -5.974464 -35.402377 54.551326
-3.786600 -2.393096 64.385720 -6.352907 -35.510498 58.093908
-3.981904 -2.529631 67.973540 -6.701345 -35.623044 61.643323
-4.173959 -2.646996 71.565920 -7.046982 -35.727828 65.246936
-4.396788 -2.802467 75.106490 -7.391646 -35.833113 68.796846
-4.593996 -2.983030 78.623730 -7.736952 -35.990121 72.311714
-4.800834 -3.138830 82.136440 -8.072672 -36.113076 75.812719
-5.016400 -3.250277 85.597270 -8.419656 -36.193757 79.297735
-5.214554 -3.368601 89.008160 -8.729304 -36.298898 82.690629
-5.369648 -3.459248 92.435540 -9.017821 -36.383956 86.106256
-5.524006 -3.526732 95.827610 -9.307629 -36.468538 89.476859
