-1.341163 -0.008836 1.673253 -1.341163 -0.008836 1.673253
-1.317044 -0.011498 1.798455 -1.319738 -0.012019 1.797958
-1.217901 -0.007593 2.428075 -1.222137 -0.004032 2.427323
6.627436 -3.874159 28.219210 7.580370 -1.438058 28.122137
5.466105 -3.864023 28.958650 6.508890 -1.428608 28.986658
4.332777 -3.901467 29.828360 5.481174 -1.460794 29.979134
3.177826 -4.038797 30.853420 4.452296 -1.587152 31.131945
1.978096 -4.179337 31.809570 3.371364 -1.720605 32.221478
0.781410 -4.350226 32.683850 2.285247 -1.887543 33.230488
-0.423314 -4.559876 33.417540 1.176649 -2.098981 34.102215
-1.257048 -4.736003 33.866660 0.403837 -2.278638 34.648411
-2.151376 -4.938519 34.340510 -0.425610 -2.485240 35.226948
-3.099994 -5.129151 34.697460 -1.322369 -2.686011 35.695076
-4.131292 -5.301012 34.963360 -2.311967 -2.873781 36.081402
-5.303521 -5.474525 35.159230 -3.449308 -3.069623 36.414101
-6.484888 -5.607408 35.280460 -4.605267 -3.228078 36.672237
-7.714167 -5.731082 35.380960 -5.811405 -3.379399 36.914841
-9.019464 -5.811636 35.470800 -7.095541 -3.490039 37.153839
-10.206810 -5.902539 35.779640 -8.237794 -3.599291 37.597401
-11.556640 -6.001077 36.231390 -9.525296 -3.714710 38.201435
-12.808950 -6.074064 36.728150 -10.711683 -3.800308 38.838261
-14.056060 -6.136916 37.403570 -11.873307 -3.868573 39.651520
-14.944210 -6.213742 38.496350 -12.631441 -3.924977 40.839348
-14.974340 -6.218251 38.544180 -12.655910 -3.928365 40.890392
-14.974640 -6.216709 38.528950 -12.657948 -3.927436 40.875259
-14.975460 -6.208333 38.511730 -12.660934 -3.919774 40.857956
-14.984280 -6.203000 38.513820 -12.669614 -3.914591 40.860828
-15.057700 -6.201227 38.466780 -12.747849 -3.916586 40.822304
-15.709520 -5.999707 37.429310 -13.516994 -3.773294 39.858097
-16.251700 -5.744871 36.079190 -14.213659 -3.586291 38.569145
-16.521230 -5.474660 34.564270 -14.658344 -3.383391 37.085327
-15.952300 -5.257806 33.260670 -14.245006 -3.203661 35.718967
-15.376830 -5.015323 32.057540 -13.814761 -2.994178 34.450699
-14.877920 -4.748674 30.779510 -13.469629 -2.765514 33.115795
-14.321030 -4.527927 29.750940 -13.037731 -2.571310 32.023754
-13.203970 -4.090774 28.009280 -12.135406 -2.174655 30.152731
-12.452720 -3.765856 26.638940 -11.551664 -1.884903 28.695642
-11.952420 -3.458964 25.365040 -11.205914 -1.615868 27.363209
-11.444380 -3.086962 23.894630 -10.876348 -1.289402 25.832397
-10.755430 -2.697047 22.368190 -10.373857 -0.942582 24.224945
-10.097020 -2.383005 20.952490 -9.887068 -0.667972 22.733648
-9.967112 -2.118344 19.588310 -9.918011 -0.454406 21.354761
-10.828100 -1.935439 18.281490 -10.924361 -0.346018 20.147268
-11.470430 -1.725696 16.903610 -11.722239 -0.207996 18.843630
-12.048690 -1.485726 15.366310 -12.475152 -0.044484 17.373377
-12.546150 -1.255100 13.866450 -13.143355 0.113242 15.931550
-12.950640 -0.996771 12.360690 -13.720699 0.300780 14.472388
-13.587580 -0.774866 10.990060 -14.512781 0.451225 13.174874
-13.973200 -0.489699 9.385383 -15.083209 0.662018 11.614368
-14.521600 -0.197700 7.813319 -15.811913 0.876640 10.104294
-14.868520 0.134612 6.265829 -16.338955 1.137696 8.594464
-14.920780 0.407052 4.786077 -16.563946 1.349270 7.120953
-14.598220 0.618461 3.458549 -16.397816 1.515685 5.758685
-13.676540 0.715293 2.181674 -15.627448 1.585248 4.383558
-12.624240 0.594098 1.212617 -14.686419 1.452740 3.307456
-11.316230 0.434440 0.461364 -13.465957 1.297194 2.420300
-9.776085 0.313584 0.174577 -11.964368 1.205114 1.966808
-8.341723 0.242181 0.817118 -10.465871 1.197084 2.446175
-7.003495 0.196288 0.275100 -9.195548 1.164288 1.759186
-5.802208 0.162577 -0.759851 -8.116512 1.120162 0.597685
-4.623466 0.105067 -1.773435 -7.056767 1.052483 -0.539173
-3.061135 0.104254 -1.982509 -5.528137 1.083936 -0.922435
-1.589785 0.104639 -1.784024 -4.044533 1.130705 -0.890822
-1.495392 0.096826 -1.290164 -3.895541 1.145406 -0.410766
-1.355319 0.050059 -0.138682 -3.626765 1.149118 0.718600
-1.328198 0.020457 0.941503 -3.478649 1.164189 1.789228
