-0.000000 0.000000 0.000000 0.000000 0.000000 0.000000
0.002038 -0.063028 3.941730 -0.013676 -0.075403 4.112780
0.007571 -0.116587 7.908775 -0.131975 -0.154672 8.056845
0.006781 -0.163455 11.904260 -0.192691 -0.220806 12.121030
-0.005852 -0.217760 15.930660 -0.247796 -0.307585 16.331635
0.005006 -0.269910 19.986700 -0.275224 -0.373101 20.494234
-0.007369 -0.346812 24.072100 -0.313883 -0.455585 24.680290
0.001962 -0.409938 28.194720 -0.373296 -0.519650 28.899634
0.006827 -0.485013 32.335310 -0.430983 -0.575224 33.127315
0.012119 -0.574623 36.507890 -0.451551 -0.678268 37.370619
0.019429 -0.643712 40.704370 -0.492034 -0.769887 41.667635
0.026224 -0.717858 44.928210 -0.521323 -0.857478 46.002450
0.033592 -0.783986 49.179630 -0.545420 -0.941249 50.395219
0.025370 -0.845384 53.457160 -0.625689 -1.025011 54.772843
0.013229 -0.907244 57.745500 -0.698784 -1.111998 59.206556
0.002764 -0.964748 62.027950 -0.758819 -1.188858 63.644473
-0.005954 -1.029700 66.289400 -0.834080 -1.266822 68.012513
-0.027023 -1.097831 70.530000 -0.941205 -1.358249 72.375410
-0.046776 -1.153311 74.742450 -0.962380 -1.435450 76.721006
-0.052873 -1.218035 78.934960 -1.049584 -1.517233 81.065780
-0.048388 -1.278676 83.097210 -1.083612 -1.598523 85.402950
-0.075180 -1.343695 87.250150 -1.122391 -1.647235 89.673374
-0.111047 -1.399781 91.375240 -1.221481 -1.737079 93.907441
-0.169705 -1.456190 95.460760 -1.288090 -1.827244 98.139901
-0.234406 -1.517683 99.515130 -1.362568 -1.903353 102.329420
-0.286760 -1.575247 103.545900 -1.446063 -1.950066 106.473322
-0.334309 -1.638432 107.565300 -1.501396 -2.037177 110.620842
-0.394315 -1.710102 111.576600 -1.572876 -2.110514 114.754601
-0.429590 -1.775004 115.560100 -1.680268 -2.173971 118.848807
-0.430614 -1.825847 119.561300 -1.747151 -2.245302 122.955392
-0.456074 -1.910030 123.624200 -1.795549 -2.300894 127.093676
-0.470849 -2.006026 127.692500 -1.866470 -2.399911 131.241541
-0.470125 -2.099489 131.755700 -1.898071 -2.478330 135.494577
-0.466120 -2.198388 135.814600 -1.933259 -2.543917 139.645942
-0.464181 -2.281749 139.862600 -1.954777 -2.594196 143.810992
-0.474702 -2.367455 143.909900 -1.985449 -2.669618 147.997722
-0.484415 -2.462969 147.953800 -2.041674 -2.751519 152.150260
-0.497985 -2.545628 151.991700 -2.095271 -2.818306 156.319515
-0.518837 -2.641449 156.032900 -2.171855 -2.937165 160.508392
-0.490889 -2.711383 160.078600 -2.252372 -3.039793 164.717190
-0.476780 -2.787254 164.129500 -2.338508 -3.102059 168.864928
-0.449484 -2.861986 168.200000 -2.391514 -3.191618 173.092133
-0.411154 -2.932731 172.284100 -2.518094 -3.263708 177.258458
-0.358878 -3.008539 176.408600 -2.588411 -3.348808 181.477477
-0.313655 -3.041123 180.542000 -2.633406 -3.437306 185.785707
-0.318656 -3.114466 184.703900 -2.751117 -3.548248 190.104247
-0.308933 -3.193945 188.900300 -2.881265 -3.614419 194.461517
-0.300756 -3.281162 193.121300 -2.989738 -3.718133 198.826344
-0.295505 -3.384557 197.380900 -3.068987 -3.821334 203.186010
-0.332199 -3.515079 201.657300 -3.138976 -3.935999 207.605453
-0.348136 -3.604083 205.970400 -3.245137 -4.033658 212.041121
-0.342964 -3.674360 210.323200 -3.296754 -4.137070 216.547306
-0.357581 -3.778065 214.714200 -3.367775 -4.254715 221.043366
-0.360488 -3.867619 219.141900 -3.483008 -4.346424 225.581968
-0.375507 -3.961696 223.589400 -3.554807 -4.463652 230.123396
-0.378527 -4.048136 228.060200 -3.705895 -4.581176 234.733489
-0.374570 -4.124994 232.542100 -3.824024 -4.675962 239.368022
-0.378408 -4.220226 237.044600 -3.960417 -4.781617 244.027483
-0.382092 -4.315103 241.571200 -4.013279 -4.899413 248.680440
-0.377078 -4.404696 246.123100 -4.067777 -5.000322 253.405928
-0.365894 -4.487063 250.696400 -4.180273 -5.114305 258.102820
-0.356528 -4.558441 255.288500 -4.259385 -5.208900 262.834809
-0.340799 -4.637604 259.900300 -4.357482 -5.301923 267.584555
-0.325374 -4.715745 264.511300 -4.446870 -5.377178 272.385684
-0.317394 -4.824679 269.137700 -4.553703 -5.435648 277.167045
-0.314040 -4.950219 273.764900 -4.688723 -5.547262 281.998005
-0.306203 -5.082755 278.395200 -4.745705 -5.597225 286.788244
-0.276490 -5.210037 283.049800 -4.843608 -5.741261 291.564745
-0.230158 -5.316244 287.699900 -4.870760 -5.855435 296.313431
-0.192693 -5.424878 292.369200 -4.973934 -5.995017 301.062957
-0.168171 -5.542654 297.072300 -5.090307 -6.110782 305.959917
-0.143657 -5.638056 301.821100 -5.138159 -6.204930 310.784654
-0.111308 -5.740563 306.608600 -5.227130 -6.301082 315.694846
-0.093249 -5.863046 311.433100 -5.307361 -6.438928 320.719034
-0.107981 -5.990688 316.295300 -5.451906 -6.546008 325.799840
-0.103970 -6.106845 321.182300 -5.572717 -6.662376 330.856975
-0.096484 -6.224088 326.068200 -5.694140 -6.771390 335.823955
-0.074427 -6.342113 330.950800 -5.803862 -6.874267 340.791875
-0.054350 -6.450780 335.802400 -5.902424 -6.992470 345.763689
-0.042570 -6.571397 340.628700 -6.013700 -7.117120 350.664818
-0.035147 -6.652782 345.452500 -6.156390 -7.196615 355.661569
-0.041563 -6.737239 350.253200 -6.304731 -7.310315 360.597368
-0.075066 -6.843564 355.037900 -6.470828 -7.386414 365.617263
-0.109101 -6.958715 359.812500 -6.670092 -7.509108 370.556135
-0.141995 -7.072717 364.586700 -6.794324 -7.616820 375.448514
-0.185891 -7.188290 369.386600 -6.933780 -7.772948 380.312982
-0.237813 -7.306808 374.225300 -7.072780 -7.887083 385.202527
-0.270401 -7.414418 378.992900 -7.240927 -7.984003 390.046590
-0.296087 -7.522079 383.840800 -7.419044 -8.066324 395.051369
-0.316454 -7.631598 388.685700 -7.597601 -8.191762 400.005702
-0.323790 -7.731691 393.557900 -7.777995 -8.287085 404.980832
